49.6	-37.4	-2005.19445801
49.6166666667	-37.4	-2092.22216797
49.6333333333	-37.4	-2148.52783203
49.65	-37.4	-2184.94433594
49.6666666667	-37.4	-2213.91674805
49.6833333333	-37.4	-2265.83325195
49.7	-37.4	-2350.91674805
49.7166666667	-37.4	-2424.08325195
49.7333333333	-37.4	-2432.97216797
49.75	-37.4	-2405.13891602
49.7666666667	-37.4	-2370.58325195
49.7833333333	-37.4	-2344.02783203
49.8	-37.4	-2321
49.8166666667	-37.4	-2288.13891602
49.8333333333	-37.4	-2222.91674805
49.85	-37.4	-2145.69433594
49.8666666667	-37.4	-2067.27783203
49.8833333333	-37.4	-1997.77783203
49.9	-37.4	-1935.97216797
49.9166666667	-37.4	-1892.52783203
49.9333333333	-37.4	-1872.75
49.95	-37.4	-1888.25
49.9666666667	-37.4	-1936.61108398
49.9833333333	-37.4	-2003.47216797
50	-37.4	-2062.75
50.0166666667	-37.4	-2117.11108398
50.0333333333	-37.4	-2164.11108398
50.05	-37.4	-2204.97216797
50.0666666667	-37.4	-2233.61108398
50.0833333333	-37.4	-2255.47216797
50.1	-37.4	-2262.19433594
50.1166666667	-37.4	-2232.63891602
50.1333333333	-37.4	-2140.80566406
50.15	-37.4	-2008.97216797
50.1666666667	-37.4	-1864.94445801
50.1833333333	-37.4	-1744.33337402
50.2	-37.4	-1672.11108398
50.2166666667	-37.4	-1637.52783203
50.2333333333	-37.4	-1623.02783203
50.25	-37.4	-1619.11108398
50.2666666667	-37.4	-1618.97216797
50.2833333333	-37.4	-1614.30554199
50.3	-37.4	-1600.91662598
50.3166666667	-37.4	-1572.66662598
50.3333333333	-37.4	-1531.33337402
50.35	-37.4	-1479.36108398
50.3666666667	-37.4	-1424.86108398
50.3833333333	-37.4	-1370.55554199
50.4	-37.4	-1324.11108398
50.4166666667	-37.4	-1283.41662598
50.4333333333	-37.4	-1257.33337402
50.45	-37.4	-1247.63891602
50.4666666667	-37.4	-1268.38891602
50.4833333333	-37.4	-1299.41662598
50.5	-37.4	-1333.33337402
50.5166666667	-37.4	-1350.25
50.5333333333	-37.4	-1346.66662598
50.55	-37.4	-1327.75
50.5666666667	-37.4	-1318.25
50.5833333333	-37.4	-1334.38891602
50.6	-37.4	-1403.91662598
50.6166666667	-37.4	-1496.5
50.6333333333	-37.4	-1595.13891602
50.65	-37.4	-1689.08337402
50.6666666667	-37.4	-1782.83337402
50.6833333333	-37.4	-1871.94445801
50.7	-37.4	-1960.72216797
49.6	-37.4166666667	-2138.61108398
49.6166666667	-37.4166666667	-2248.63891602
49.6333333333	-37.4166666667	-2317.86108398
49.65	-37.4166666667	-2360.66674805
49.6666666667	-37.4166666667	-2382.38891602
49.6833333333	-37.4166666667	-2410.33325195
49.7	-37.4166666667	-2440.52783203
49.7166666667	-37.4166666667	-2464.13891602
49.7333333333	-37.4166666667	-2457.91674805
49.75	-37.4166666667	-2428.66674805
49.7666666667	-37.4166666667	-2390.61108398
49.7833333333	-37.4166666667	-2358.91674805
49.8	-37.4166666667	-2343.52783203
49.8166666667	-37.4166666667	-2325.22216797
49.8333333333	-37.4166666667	-2290.94433594
49.85	-37.4166666667	-2241.30566406
49.8666666667	-37.4166666667	-2181.58325195
49.8833333333	-37.4166666667	-2121.75
49.9	-37.4166666667	-2063.69433594
49.9166666667	-37.4166666667	-2019.30554199
49.9333333333	-37.4166666667	-1994.27783203
49.95	-37.4166666667	-2001.38891602
49.9666666667	-37.4166666667	-2041.47216797
49.9833333333	-37.4166666667	-2099.77783203
50	-37.4166666667	-2146.94433594
50.0166666667	-37.4166666667	-2195.61108398
50.0333333333	-37.4166666667	-2252.05566406
50.05	-37.4166666667	-2304.72216797
50.0666666667	-37.4166666667	-2337
50.0833333333	-37.4166666667	-2350.61108398
50.1	-37.4166666667	-2336.47216797
50.1166666667	-37.4166666667	-2287.27783203
50.1333333333	-37.4166666667	-2198.80566406
50.15	-37.4166666667	-2075.38891602
50.1666666667	-37.4166666667	-1938.86108398
50.1833333333	-37.4166666667	-1821.52783203
50.2	-37.4166666667	-1765.58337402
50.2166666667	-37.4166666667	-1741.94445801
50.2333333333	-37.4166666667	-1732.66662598
50.25	-37.4166666667	-1734.97216797
50.2666666667	-37.4166666667	-1746.77783203
50.2833333333	-37.4166666667	-1755.13891602
50.3	-37.4166666667	-1751.02783203
50.3166666667	-37.4166666667	-1729.36108398
50.3333333333	-37.4166666667	-1696.41662598
50.35	-37.4166666667	-1656.27783203
50.3666666667	-37.4166666667	-1612.44445801
50.3833333333	-37.4166666667	-1567.97216797
50.4	-37.4166666667	-1526.02783203
50.4166666667	-37.4166666667	-1483.94445801
50.4333333333	-37.4166666667	-1444.69445801
50.45	-37.4166666667	-1407.91662598
50.4666666667	-37.4166666667	-1385.11108398
50.4833333333	-37.4166666667	-1372.27783203
50.5	-37.4166666667	-1373.38891602
50.5166666667	-37.4166666667	-1374.02783203
50.5333333333	-37.4166666667	-1366.27783203
50.55	-37.4166666667	-1351.88891602
50.5666666667	-37.4166666667	-1346.75
50.5833333333	-37.4166666667	-1361.38891602
50.6	-37.4166666667	-1423.77783203
50.6166666667	-37.4166666667	-1506.22216797
50.6333333333	-37.4166666667	-1595
50.65	-37.4166666667	-1683.94445801
50.6666666667	-37.4166666667	-1775.41662598
50.6833333333	-37.4166666667	-1865.86108398
50.7	-37.4166666667	-1959.11108398
49.6	-37.4333333333	-2257.72216797
49.6166666667	-37.4333333333	-2373.61108398
49.6333333333	-37.4333333333	-2441.88891602
49.65	-37.4333333333	-2473.63891602
49.6666666667	-37.4333333333	-2477.38891602
49.6833333333	-37.4333333333	-2471.47216797
49.7	-37.4333333333	-2462.66674805
49.7166666667	-37.4333333333	-2452.36108398
49.7333333333	-37.4333333333	-2434.16674805
49.75	-37.4333333333	-2406.55566406
49.7666666667	-37.4333333333	-2371.33325195
49.7833333333	-37.4333333333	-2342.08325195
49.8	-37.4333333333	-2329.52783203
49.8166666667	-37.4333333333	-2322.36108398
49.8333333333	-37.4333333333	-2309.19433594
49.85	-37.4333333333	-2283.94433594
49.8666666667	-37.4333333333	-2246.02783203
49.8833333333	-37.4333333333	-2200.97216797
49.9	-37.4333333333	-2152.58325195
49.9166666667	-37.4333333333	-2109.58325195
49.9333333333	-37.4333333333	-2079.08325195
49.95	-37.4333333333	-2070.86108398
49.9666666667	-37.4333333333	-2091.08325195
49.9833333333	-37.4333333333	-2131.08325195
50	-37.4333333333	-2180.97216797
50.0166666667	-37.4333333333	-2236.80566406
50.0333333333	-37.4333333333	-2295.02783203
50.05	-37.4333333333	-2345.63891602
50.0666666667	-37.4333333333	-2376.58325195
50.0833333333	-37.4333333333	-2384.13891602
50.1	-37.4333333333	-2364.08325195
50.1166666667	-37.4333333333	-2314.55566406
50.1333333333	-37.4333333333	-2237.77783203
50.15	-37.4333333333	-2137.22216797
50.1666666667	-37.4333333333	-2027.69445801
50.1833333333	-37.4333333333	-1935.08337402
50.2	-37.4333333333	-1883.66662598
50.2166666667	-37.4333333333	-1859.27783203
50.2333333333	-37.4333333333	-1847.16662598
50.25	-37.4333333333	-1856.36108398
50.2666666667	-37.4333333333	-1893.47216797
50.2833333333	-37.4333333333	-1928.16662598
50.3	-37.4333333333	-1929.83337402
50.3166666667	-37.4333333333	-1907.27783203
50.3333333333	-37.4333333333	-1876.55554199
50.35	-37.4333333333	-1844.41662598
50.3666666667	-37.4333333333	-1811.11108398
50.3833333333	-37.4333333333	-1781.58337402
50.4	-37.4333333333	-1753.13891602
50.4166666667	-37.4333333333	-1722.97216797
50.4333333333	-37.4333333333	-1680.36108398
50.45	-37.4333333333	-1625.94445801
50.4666666667	-37.4333333333	-1557.72216797
50.4833333333	-37.4333333333	-1499.58337402
50.5	-37.4333333333	-1464.75
50.5166666667	-37.4333333333	-1451.08337402
50.5333333333	-37.4333333333	-1448
50.55	-37.4333333333	-1453.63891602
50.5666666667	-37.4333333333	-1466.58337402
50.5833333333	-37.4333333333	-1492.55554199
50.6	-37.4333333333	-1534.27783203
50.6166666667	-37.4333333333	-1593.33337402
50.6333333333	-37.4333333333	-1666.52783203
50.65	-37.4333333333	-1749.66662598
50.6666666667	-37.4333333333	-1838.13891602
50.6833333333	-37.4333333333	-1929.13891602
50.7	-37.4333333333	-2022.41662598
49.6	-37.45	-2353.16674805
49.6166666667	-37.45	-2461.11108398
49.6333333333	-37.45	-2516.94433594
49.65	-37.45	-2530.38891602
49.6666666667	-37.45	-2511.66674805
49.6833333333	-37.45	-2474.11108398
49.7	-37.45	-2435.94433594
49.7166666667	-37.45	-2401.30566406
49.7333333333	-37.45	-2372.69433594
49.75	-37.45	-2347.63891602
49.7666666667	-37.45	-2318.19433594
49.7833333333	-37.45	-2295.75
49.8	-37.45	-2289.13891602
49.8166666667	-37.45	-2291.38891602
49.8333333333	-37.45	-2292.69433594
49.85	-37.45	-2286.52783203
49.8666666667	-37.45	-2269.5
49.8833333333	-37.45	-2242.66674805
49.9	-37.45	-2209.02783203
49.9166666667	-37.45	-2173.33325195
49.9333333333	-37.45	-2142.33325195
49.95	-37.45	-2121.38891602
49.9666666667	-37.45	-2121.33325195
49.9833333333	-37.45	-2141.11108398
50	-37.45	-2191.08325195
50.0166666667	-37.45	-2250.30566406
50.0333333333	-37.45	-2303.72216797
50.05	-37.45	-2345.58325195
50.0666666667	-37.45	-2371.25
50.0833333333	-37.45	-2375.16674805
50.1	-37.45	-2357.30566406
50.1166666667	-37.45	-2317.16674805
50.1333333333	-37.45	-2257.58325195
50.15	-37.45	-2184.05566406
50.1666666667	-37.45	-2104.41674805
50.1833333333	-37.45	-2037.08337402
50.2	-37.45	-1990.97216797
50.2166666667	-37.45	-1965.41662598
50.2333333333	-37.45	-1948.5
50.25	-37.45	-1963.47216797
50.2666666667	-37.45	-2026.91662598
50.2833333333	-37.45	-2087.25
50.3	-37.45	-2088.77783203
50.3166666667	-37.45	-2058.13891602
50.3333333333	-37.45	-2020.72216797
50.35	-37.45	-1988.38891602
50.3666666667	-37.45	-1957.91662598
50.3833333333	-37.45	-1938.88891602
50.4	-37.45	-1921.75
50.4166666667	-37.45	-1903.61108398
50.4333333333	-37.45	-1858.08337402
50.45	-37.45	-1794.11108398
50.4666666667	-37.45	-1693.75
50.4833333333	-37.45	-1606.63891602
50.5	-37.45	-1549.61108398
50.5166666667	-37.45	-1529.52783203
50.5333333333	-37.45	-1532.83337402
50.55	-37.45	-1558.5
50.5666666667	-37.45	-1589.30554199
50.5833333333	-37.45	-1629.94445801
50.6	-37.45	-1658.94445801
50.6166666667	-37.45	-1704.77783203
50.6333333333	-37.45	-1772.25
50.65	-37.45	-1856.5
50.6666666667	-37.45	-1945.94445801
50.6833333333	-37.45	-2037.77783203
50.7	-37.45	-2129.08325195
49.6	-37.4666666667	-2419.77783203
49.6166666667	-37.4666666667	-2509.33325195
49.6333333333	-37.4666666667	-2550.27783203
49.65	-37.4666666667	-2549.05566406
49.6666666667	-37.4666666667	-2514.77783203
49.6833333333	-37.4666666667	-2457.25
49.7	-37.4666666667	-2392.02783203
49.7166666667	-37.4666666667	-2330.72216797
49.7333333333	-37.4666666667	-2287.94433594
49.75	-37.4666666667	-2258.5
49.7666666667	-37.4666666667	-2236.55566406
49.7833333333	-37.4666666667	-2225.83325195
49.8	-37.4666666667	-2227.72216797
49.8166666667	-37.4666666667	-2239.30566406
49.8333333333	-37.4666666667	-2252.25
49.85	-37.4666666667	-2262.16674805
49.8666666667	-37.4666666667	-2264.86108398
49.8833333333	-37.4666666667	-2258.91674805
49.9	-37.4666666667	-2244.66674805
49.9166666667	-37.4666666667	-2224.41674805
49.9333333333	-37.4666666667	-2203.13891602
49.95	-37.4666666667	-2182.16674805
49.9666666667	-37.4666666667	-2167.66674805
49.9833333333	-37.4666666667	-2170.97216797
50	-37.4666666667	-2203.63891602
50.0166666667	-37.4666666667	-2249.91674805
50.0333333333	-37.4666666667	-2292.19433594
50.05	-37.4666666667	-2323.77783203
50.0666666667	-37.4666666667	-2341.11108398
50.0833333333	-37.4666666667	-2341.61108398
50.1	-37.4666666667	-2325.05566406
50.1166666667	-37.4666666667	-2292.69433594
50.1333333333	-37.4666666667	-2246.75
50.15	-37.4666666667	-2193.11108398
50.1666666667	-37.4666666667	-2136.44433594
50.1833333333	-37.4666666667	-2086.94433594
50.2	-37.4666666667	-2048.52783203
50.2166666667	-37.4666666667	-2025.66662598
50.2333333333	-37.4666666667	-2019.36108398
50.25	-37.4666666667	-2047.91662598
50.2666666667	-37.4666666667	-2115.08325195
50.2833333333	-37.4666666667	-2175.52783203
50.3	-37.4666666667	-2178.80566406
50.3166666667	-37.4666666667	-2142.58325195
50.3333333333	-37.4666666667	-2090.66674805
50.35	-37.4666666667	-2042.44445801
50.3666666667	-37.4666666667	-2003.77783203
50.3833333333	-37.4666666667	-1981.52783203
50.4	-37.4666666667	-1964.69445801
50.4166666667	-37.4666666667	-1943.80554199
50.4333333333	-37.4666666667	-1890.80554199
50.45	-37.4666666667	-1815.97216797
50.4666666667	-37.4666666667	-1720.5
50.4833333333	-37.4666666667	-1636.61108398
50.5	-37.4666666667	-1582.02783203
50.5166666667	-37.4666666667	-1562.44445801
50.5333333333	-37.4666666667	-1569.44445801
50.55	-37.4666666667	-1597.94445801
50.5666666667	-37.4666666667	-1635.11108398
50.5833333333	-37.4666666667	-1681.27783203
50.6	-37.4666666667	-1726.61108398
50.6166666667	-37.4666666667	-1789.94445801
50.6333333333	-37.4666666667	-1874.19445801
50.65	-37.4666666667	-1972.72216797
50.6666666667	-37.4666666667	-2069.05566406
50.6833333333	-37.4666666667	-2162.80566406
50.7	-37.4666666667	-2253.30566406
49.6	-37.4833333333	-2458.77783203
49.6166666667	-37.4833333333	-2525.25
49.6333333333	-37.4833333333	-2550.97216797
49.65	-37.4833333333	-2540.44433594
49.6666666667	-37.4833333333	-2499.72216797
49.6833333333	-37.4833333333	-2435.75
49.7	-37.4833333333	-2356.58325195
49.7166666667	-37.4833333333	-2273.88891602
49.7333333333	-37.4833333333	-2212.13891602
49.75	-37.4833333333	-2166.16674805
49.7666666667	-37.4833333333	-2141.5
49.7833333333	-37.4833333333	-2137.63891602
49.8	-37.4833333333	-2148.38891602
49.8166666667	-37.4833333333	-2171
49.8333333333	-37.4833333333	-2196.75
49.85	-37.4833333333	-2222.27783203
49.8666666667	-37.4833333333	-2243.97216797
49.8833333333	-37.4833333333	-2259.55566406
49.9	-37.4833333333	-2267.36108398
49.9166666667	-37.4833333333	-2266.41674805
49.9333333333	-37.4833333333	-2258.80566406
49.95	-37.4833333333	-2242.66674805
49.9666666667	-37.4833333333	-2218.69433594
49.9833333333	-37.4833333333	-2206.16674805
50	-37.4833333333	-2217.5
50.0166666667	-37.4833333333	-2242.72216797
50.0333333333	-37.4833333333	-2267.88891602
50.05	-37.4833333333	-2285.66674805
50.0666666667	-37.4833333333	-2292.22216797
50.0833333333	-37.4833333333	-2286.47216797
50.1	-37.4833333333	-2267.27783203
50.1166666667	-37.4833333333	-2238
50.1333333333	-37.4833333333	-2199.30566406
50.15	-37.4833333333	-2157.91674805
50.1666666667	-37.4833333333	-2115.58325195
50.1833333333	-37.4833333333	-2079.30566406
50.2	-37.4833333333	-2051.08325195
50.2166666667	-37.4833333333	-2037.75
50.2333333333	-37.4833333333	-2044.30554199
50.25	-37.4833333333	-2080.83325195
50.2666666667	-37.4833333333	-2142.75
50.2833333333	-37.4833333333	-2194.75
50.3	-37.4833333333	-2192.08325195
50.3166666667	-37.4833333333	-2149.80566406
50.3333333333	-37.4833333333	-2081.66674805
50.35	-37.4833333333	-2011.80554199
50.3666666667	-37.4833333333	-1953.02783203
50.3833333333	-37.4833333333	-1915.47216797
50.4	-37.4833333333	-1888.61108398
50.4166666667	-37.4833333333	-1862.91662598
50.4333333333	-37.4833333333	-1805.33337402
50.45	-37.4833333333	-1735.11108398
50.4666666667	-37.4833333333	-1664.36108398
50.4833333333	-37.4833333333	-1605.72216797
50.5	-37.4833333333	-1570.69445801
50.5166666667	-37.4833333333	-1559.27783203
50.5333333333	-37.4833333333	-1566.77783203
50.55	-37.4833333333	-1587.91662598
50.5666666667	-37.4833333333	-1618.16662598
50.5833333333	-37.4833333333	-1667.02783203
50.6	-37.4833333333	-1737.91662598
50.6166666667	-37.4833333333	-1837.02783203
50.6333333333	-37.4833333333	-1954.44445801
50.65	-37.4833333333	-2078.27783203
50.6666666667	-37.4833333333	-2186.72216797
50.6833333333	-37.4833333333	-2285.33325195
50.7	-37.4833333333	-2377.44433594
49.6	-37.5	-2470.30566406
49.6166666667	-37.5	-2514.91674805
49.6333333333	-37.5	-2528.02783203
49.65	-37.5	-2512.27783203
49.6666666667	-37.5	-2472.13891602
49.6833333333	-37.5	-2414.97216797
49.7	-37.5	-2345.08325195
49.7166666667	-37.5	-2263.27783203
49.7333333333	-37.5	-2172.52783203
49.75	-37.5	-2094.22216797
49.7666666667	-37.5	-2051.80566406
49.7833333333	-37.5	-2042.11108398
49.8	-37.5	-2059.91674805
49.8166666667	-37.5	-2093.97216797
49.8333333333	-37.5	-2134.66674805
49.85	-37.5	-2176.55566406
49.8666666667	-37.5	-2216.22216797
49.8833333333	-37.5	-2252.05566406
49.9	-37.5	-2281.75
49.9166666667	-37.5	-2299.83325195
49.9333333333	-37.5	-2299.11108398
49.95	-37.5	-2282.94433594
49.9666666667	-37.5	-2256.44433594
49.9833333333	-37.5	-2234.16674805
50	-37.5	-2225.63891602
50.0166666667	-37.5	-2228.33325195
50.0333333333	-37.5	-2232.75
50.05	-37.5	-2233.83325195
50.0666666667	-37.5	-2226.5
50.0833333333	-37.5	-2210.25
50.1	-37.5	-2184.16674805
50.1166666667	-37.5	-2151.66674805
50.1333333333	-37.5	-2114.16674805
50.15	-37.5	-2077.83325195
50.1666666667	-37.5	-2044.77783203
50.1833333333	-37.5	-2019.36108398
50.2	-37.5	-2004.11108398
50.2166666667	-37.5	-2003.83337402
50.2333333333	-37.5	-2021.80554199
50.25	-37.5	-2059.52783203
50.2666666667	-37.5	-2107.44433594
50.2833333333	-37.5	-2140.77783203
50.3	-37.5	-2133.83325195
50.3166666667	-37.5	-2087.94433594
50.3333333333	-37.5	-2013.08337402
50.35	-37.5	-1925.55554199
50.3666666667	-37.5	-1843.75
50.3833333333	-37.5	-1779.63891602
50.4	-37.5	-1743.86108398
50.4166666667	-37.5	-1710.75
50.4333333333	-37.5	-1668.69445801
50.45	-37.5	-1618.33337402
50.4666666667	-37.5	-1581.25
50.4833333333	-37.5	-1555.80554199
50.5	-37.5	-1545.08337402
50.5166666667	-37.5	-1545.55554199
50.5333333333	-37.5	-1555.02783203
50.55	-37.5	-1566.55554199
50.5666666667	-37.5	-1584.44445801
50.5833333333	-37.5	-1628.69445801
50.6	-37.5	-1726.72216797
50.6166666667	-37.5	-1860.83337402
50.6333333333	-37.5	-2012.5
50.65	-37.5	-2158.63891602
50.6666666667	-37.5	-2283.83325195
50.6833333333	-37.5	-2391.05566406
50.7	-37.5	-2487.52783203
49.6	-37.5166666667	-2460
49.6166666667	-37.5166666667	-2487.5
49.6333333333	-37.5166666667	-2492
49.65	-37.5166666667	-2474.36108398
49.6666666667	-37.5166666667	-2437.5
49.6833333333	-37.5166666667	-2389.5
49.7	-37.5166666667	-2334.44433594
49.7166666667	-37.5166666667	-2263.30566406
49.7333333333	-37.5166666667	-2154.19433594
49.75	-37.5166666667	-2050.61108398
49.7666666667	-37.5166666667	-1989.75
49.7833333333	-37.5166666667	-1967.5
49.8	-37.5166666667	-1986
49.8166666667	-37.5166666667	-2027.72216797
49.8333333333	-37.5166666667	-2080.55566406
49.85	-37.5166666667	-2135.58325195
49.8666666667	-37.5166666667	-2188.19433594
49.8833333333	-37.5166666667	-2238.11108398
49.9	-37.5166666667	-2282.86108398
49.9166666667	-37.5166666667	-2315.30566406
49.9333333333	-37.5166666667	-2318.97216797
49.95	-37.5166666667	-2303.16674805
49.9666666667	-37.5166666667	-2274.55566406
49.9833333333	-37.5166666667	-2244.05566406
50	-37.5166666667	-2219.38891602
50.0166666667	-37.5166666667	-2202.41674805
50.0333333333	-37.5166666667	-2186.63891602
50.05	-37.5166666667	-2170.86108398
50.0666666667	-37.5166666667	-2148.47216797
50.0833333333	-37.5166666667	-2120.47216797
50.1	-37.5166666667	-2084.36108398
50.1166666667	-37.5166666667	-2045.19445801
50.1333333333	-37.5166666667	-2004.58337402
50.15	-37.5166666667	-1969.38891602
50.1666666667	-37.5166666667	-1941.94445801
50.1833333333	-37.5166666667	-1926.72216797
50.2	-37.5166666667	-1924.72216797
50.2166666667	-37.5166666667	-1938.13891602
50.2333333333	-37.5166666667	-1965.80554199
50.25	-37.5166666667	-2003
50.2666666667	-37.5166666667	-2040.47216797
50.2833333333	-37.5166666667	-2060.47216797
50.3	-37.5166666667	-2052.22216797
50.3166666667	-37.5166666667	-2008.69445801
50.3333333333	-37.5166666667	-1939.05554199
50.35	-37.5166666667	-1848.33337402
50.3666666667	-37.5166666667	-1759.05554199
50.3833333333	-37.5166666667	-1683.13891602
50.4	-37.5166666667	-1655.38891602
50.4166666667	-37.5166666667	-1623.30554199
50.4333333333	-37.5166666667	-1592.86108398
50.45	-37.5166666667	-1548.63891602
50.4666666667	-37.5166666667	-1531
50.4833333333	-37.5166666667	-1526.19445801
50.5	-37.5166666667	-1535.47216797
50.5166666667	-37.5166666667	-1551.25
50.5333333333	-37.5166666667	-1572.91662598
50.55	-37.5166666667	-1588.5
50.5666666667	-37.5166666667	-1604.80554199
50.5833333333	-37.5166666667	-1645.33337402
50.6	-37.5166666667	-1762.27783203
50.6166666667	-37.5166666667	-1913.19445801
50.6333333333	-37.5166666667	-2080.52783203
50.65	-37.5166666667	-2235.13891602
50.6666666667	-37.5166666667	-2367.58325195
50.6833333333	-37.5166666667	-2478
50.7	-37.5166666667	-2575.25
49.6	-37.5333333333	-2434.19433594
49.6166666667	-37.5333333333	-2452.19433594
49.6333333333	-37.5333333333	-2453.69433594
49.65	-37.5333333333	-2436.97216797
49.6666666667	-37.5333333333	-2403.52783203
49.6833333333	-37.5333333333	-2357.52783203
49.7	-37.5333333333	-2302.27783203
49.7166666667	-37.5333333333	-2230.80566406
49.7333333333	-37.5333333333	-2137.58325195
49.75	-37.5333333333	-2044.44445801
49.7666666667	-37.5333333333	-1973.47216797
49.7833333333	-37.5333333333	-1939
49.8	-37.5333333333	-1947.86108398
49.8166666667	-37.5333333333	-1988.5
49.8333333333	-37.5333333333	-2046.86108398
49.85	-37.5333333333	-2109.88891602
49.8666666667	-37.5333333333	-2170.19433594
49.8833333333	-37.5333333333	-2223.77783203
49.9	-37.5333333333	-2271.63891602
49.9166666667	-37.5333333333	-2304.72216797
49.9333333333	-37.5333333333	-2316.77783203
49.95	-37.5333333333	-2305.86108398
49.9666666667	-37.5333333333	-2274.47216797
49.9833333333	-37.5333333333	-2234.5
50	-37.5333333333	-2196.72216797
50.0166666667	-37.5333333333	-2163.44433594
50.0333333333	-37.5333333333	-2132.22216797
50.05	-37.5333333333	-2101.08325195
50.0666666667	-37.5333333333	-2067.36108398
50.0833333333	-37.5333333333	-2028.44445801
50.1	-37.5333333333	-1984.38891602
50.1166666667	-37.5333333333	-1937.5
50.1333333333	-37.5333333333	-1893.05554199
50.15	-37.5333333333	-1855.91662598
50.1666666667	-37.5333333333	-1832.55554199
50.1833333333	-37.5333333333	-1824.72216797
50.2	-37.5333333333	-1835.25
50.2166666667	-37.5333333333	-1861.30554199
50.2333333333	-37.5333333333	-1899.86108398
50.25	-37.5333333333	-1941.02783203
50.2666666667	-37.5333333333	-1976.58337402
50.2833333333	-37.5333333333	-1994.88891602
50.3	-37.5333333333	-1990.61108398
50.3166666667	-37.5333333333	-1959.52783203
50.3333333333	-37.5333333333	-1905.83337402
50.35	-37.5333333333	-1836.25
50.3666666667	-37.5333333333	-1768.25
50.3833333333	-37.5333333333	-1722.25
50.4	-37.5333333333	-1714.75
50.4166666667	-37.5333333333	-1702.11108398
50.4333333333	-37.5333333333	-1652.91662598
50.45	-37.5333333333	-1590.44445801
50.4666666667	-37.5333333333	-1552.94445801
50.4833333333	-37.5333333333	-1544.94445801
50.5	-37.5333333333	-1564.97216797
50.5166666667	-37.5333333333	-1601.08337402
50.5333333333	-37.5333333333	-1644.88891602
50.55	-37.5333333333	-1686.33337402
50.5666666667	-37.5333333333	-1728.69445801
50.5833333333	-37.5333333333	-1790.94445801
50.6	-37.5333333333	-1899.44445801
50.6166666667	-37.5333333333	-2035.91662598
50.6333333333	-37.5333333333	-2183.41674805
50.65	-37.5333333333	-2322.22216797
50.6666666667	-37.5333333333	-2442.80566406
50.6833333333	-37.5333333333	-2545.19433594
50.7	-37.5333333333	-2634.83325195
49.6	-37.55	-2404.30566406
49.6166666667	-37.55	-2421.33325195
49.6333333333	-37.55	-2425.97216797
49.65	-37.55	-2414.66674805
49.6666666667	-37.55	-2385.33325195
49.6833333333	-37.55	-2337.83325195
49.7	-37.55	-2276.63891602
49.7166666667	-37.55	-2201.72216797
49.7333333333	-37.55	-2125.02783203
49.75	-37.55	-2049.47216797
49.7666666667	-37.55	-1978.30554199
49.7833333333	-37.55	-1938.86108398
49.8	-37.55	-1942.36108398
49.8166666667	-37.55	-1981.66662598
49.8333333333	-37.55	-2044.16662598
49.85	-37.55	-2115.19433594
49.8666666667	-37.55	-2183.33325195
49.8833333333	-37.55	-2236.58325195
49.9	-37.55	-2278.75
49.9166666667	-37.55	-2301.38891602
49.9333333333	-37.55	-2313.63891602
49.95	-37.55	-2304.22216797
49.9666666667	-37.55	-2268.30566406
49.9833333333	-37.55	-2220.08325195
50	-37.55	-2173.86108398
50.0166666667	-37.55	-2130.77783203
50.0333333333	-37.55	-2090.91674805
50.05	-37.55	-2051.33325195
50.0666666667	-37.55	-2012.08337402
50.0833333333	-37.55	-1967.44445801
50.1	-37.55	-1919.02783203
50.1166666667	-37.55	-1865.83337402
50.1333333333	-37.55	-1817.02783203
50.15	-37.55	-1775.77783203
50.1666666667	-37.55	-1753.75
50.1833333333	-37.55	-1749.55554199
50.2	-37.55	-1768.5
50.2166666667	-37.55	-1803
50.2333333333	-37.55	-1850.16662598
50.25	-37.55	-1896.38891602
50.2666666667	-37.55	-1934.44445801
50.2833333333	-37.55	-1956.08337402
50.3	-37.55	-1958.91662598
50.3166666667	-37.55	-1941.72216797
50.3333333333	-37.55	-1907.16662598
50.35	-37.55	-1866.08337402
50.3666666667	-37.55	-1829.36108398
50.3833333333	-37.55	-1817.36108398
50.4	-37.55	-1832.11108398
50.4166666667	-37.55	-1836.44445801
50.4333333333	-37.55	-1762.38891602
50.45	-37.55	-1675.11108398
50.4666666667	-37.55	-1612.47216797
50.4833333333	-37.55	-1594.52783203
50.5	-37.55	-1622.36108398
50.5166666667	-37.55	-1679.77783203
50.5333333333	-37.55	-1750.72216797
50.55	-37.55	-1826.69445801
50.5666666667	-37.55	-1903.58337402
50.5833333333	-37.55	-1988.80554199
50.6	-37.55	-2082.97216797
50.6166666667	-37.55	-2188.63891602
50.6333333333	-37.55	-2298.36108398
50.65	-37.55	-2404.91674805
50.6666666667	-37.55	-2499.94433594
50.6833333333	-37.55	-2584.41674805
50.7	-37.55	-2659.30566406
49.6	-37.5666666667	-2382.5
49.6166666667	-37.5666666667	-2405.41674805
49.6333333333	-37.5666666667	-2419.44433594
49.65	-37.5666666667	-2419.05566406
49.6666666667	-37.5666666667	-2399.16674805
49.6833333333	-37.5666666667	-2356.19433594
49.7	-37.5666666667	-2290.97216797
49.7166666667	-37.5666666667	-2209.58325195
49.7333333333	-37.5666666667	-2125.02783203
49.75	-37.5666666667	-2046.27783203
49.7666666667	-37.5666666667	-1984.27783203
49.7833333333	-37.5666666667	-1953.75
49.8	-37.5666666667	-1962.91662598
49.8166666667	-37.5666666667	-2006.94445801
49.8333333333	-37.5666666667	-2075.77783203
49.85	-37.5666666667	-2158.11108398
49.8666666667	-37.5666666667	-2238.47216797
49.8833333333	-37.5666666667	-2300.16674805
49.9	-37.5666666667	-2328.05566406
49.9166666667	-37.5666666667	-2333.91674805
49.9333333333	-37.5666666667	-2330.38891602
49.95	-37.5666666667	-2311.22216797
49.9666666667	-37.5666666667	-2272.08325195
49.9833333333	-37.5666666667	-2221.5
50	-37.5666666667	-2171.94433594
50.0166666667	-37.5666666667	-2126.05566406
50.0333333333	-37.5666666667	-2085.75
50.05	-37.5666666667	-2047.91662598
50.0666666667	-37.5666666667	-2010.25
50.0833333333	-37.5666666667	-1967.5
50.1	-37.5666666667	-1918.38891602
50.1166666667	-37.5666666667	-1863.58337402
50.1333333333	-37.5666666667	-1810.16662598
50.15	-37.5666666667	-1764.97216797
50.1666666667	-37.5666666667	-1739.16662598
50.1833333333	-37.5666666667	-1734.52783203
50.2	-37.5666666667	-1754.36108398
50.2166666667	-37.5666666667	-1791.22216797
50.2333333333	-37.5666666667	-1839.13891602
50.25	-37.5666666667	-1886.16662598
50.2666666667	-37.5666666667	-1923.61108398
50.2833333333	-37.5666666667	-1946.36108398
50.3	-37.5666666667	-1952.77783203
50.3166666667	-37.5666666667	-1943.5
50.3333333333	-37.5666666667	-1921.19445801
50.35	-37.5666666667	-1898.5
50.3666666667	-37.5666666667	-1885.44445801
50.3833333333	-37.5666666667	-1888.55554199
50.4	-37.5666666667	-1896.13891602
50.4166666667	-37.5666666667	-1882.58337402
50.4333333333	-37.5666666667	-1816.75
50.45	-37.5666666667	-1733.80554199
50.4666666667	-37.5666666667	-1669.44445801
50.4833333333	-37.5666666667	-1650.86108398
50.5	-37.5666666667	-1687.75
50.5166666667	-37.5666666667	-1763.13891602
50.5333333333	-37.5666666667	-1854.83337402
50.55	-37.5666666667	-1955.41662598
50.5666666667	-37.5666666667	-2056.58325195
50.5833333333	-37.5666666667	-2154.94433594
50.6	-37.5666666667	-2237.69433594
50.6166666667	-37.5666666667	-2315.63891602
50.6333333333	-37.5666666667	-2387.83325195
50.65	-37.5666666667	-2458.30566406
50.6666666667	-37.5666666667	-2524.97216797
50.6833333333	-37.5666666667	-2587.77783203
50.7	-37.5666666667	-2646.30566406
49.6	-37.5833333333	-2381.44433594
49.6166666667	-37.5833333333	-2414.05566406
49.6333333333	-37.5833333333	-2441.38891602
49.65	-37.5833333333	-2455.5
49.6666666667	-37.5833333333	-2449.44433594
49.6833333333	-37.5833333333	-2416.02783203
49.7	-37.5833333333	-2350.44433594
49.7166666667	-37.5833333333	-2259.08325195
49.7333333333	-37.5833333333	-2154.80566406
49.75	-37.5833333333	-2060.41674805
49.7666666667	-37.5833333333	-2004.22216797
49.7833333333	-37.5833333333	-1986.80554199
49.8	-37.5833333333	-2007.91662598
49.8166666667	-37.5833333333	-2060.13891602
49.8333333333	-37.5833333333	-2133.75
49.85	-37.5833333333	-2221.61108398
49.8666666667	-37.5833333333	-2308.13891602
49.8833333333	-37.5833333333	-2376.44433594
49.9	-37.5833333333	-2392.83325195
49.9166666667	-37.5833333333	-2386.69433594
49.9333333333	-37.5833333333	-2371.72216797
49.95	-37.5833333333	-2345.38891602
49.9666666667	-37.5833333333	-2305.19433594
49.9833333333	-37.5833333333	-2255.16674805
50	-37.5833333333	-2207.80566406
50.0166666667	-37.5833333333	-2164.33325195
50.0333333333	-37.5833333333	-2129.86108398
50.05	-37.5833333333	-2098.80566406
50.0666666667	-37.5833333333	-2068.41674805
50.0833333333	-37.5833333333	-2031.30554199
50.1	-37.5833333333	-1984.97216797
50.1166666667	-37.5833333333	-1930.22216797
50.1333333333	-37.5833333333	-1874.02783203
50.15	-37.5833333333	-1824.30554199
50.1666666667	-37.5833333333	-1793.33337402
50.1833333333	-37.5833333333	-1782.63891602
50.2	-37.5833333333	-1797.69445801
50.2166666667	-37.5833333333	-1829.36108398
50.2333333333	-37.5833333333	-1871.11108398
50.25	-37.5833333333	-1911.69445801
50.2666666667	-37.5833333333	-1943.11108398
50.2833333333	-37.5833333333	-1961.5
50.3	-37.5833333333	-1965.55554199
50.3166666667	-37.5833333333	-1956.16662598
50.3333333333	-37.5833333333	-1935.52783203
50.35	-37.5833333333	-1918.44445801
50.3666666667	-37.5833333333	-1914.55554199
50.3833333333	-37.5833333333	-1918.25
50.4	-37.5833333333	-1909.69445801
50.4166666667	-37.5833333333	-1879.38891602
50.4333333333	-37.5833333333	-1826.86108398
50.45	-37.5833333333	-1762.27783203
50.4666666667	-37.5833333333	-1711.02783203
50.4833333333	-37.5833333333	-1697.91662598
50.5	-37.5833333333	-1741.63891602
50.5166666667	-37.5833333333	-1825.47216797
50.5333333333	-37.5833333333	-1924.02783203
50.55	-37.5833333333	-2032.44445801
50.5666666667	-37.5833333333	-2138
50.5833333333	-37.5833333333	-2238.30566406
50.6	-37.5833333333	-2311.66674805
50.6166666667	-37.5833333333	-2375.19433594
50.6333333333	-37.5833333333	-2422.94433594
50.65	-37.5833333333	-2467.91674805
50.6666666667	-37.5833333333	-2512.13891602
50.6833333333	-37.5833333333	-2557.41674805
50.7	-37.5833333333	-2601.72216797
49.6	-37.6	-2412.13891602
49.6166666667	-37.6	-2455.91674805
49.6333333333	-37.6	-2497.05566406
49.65	-37.6	-2526.25
49.6666666667	-37.6	-2534.97216797
49.6833333333	-37.6	-2512
49.7	-37.6	-2449.55566406
49.7166666667	-37.6	-2350.44433594
49.7333333333	-37.6	-2226.72216797
49.75	-37.6	-2117.30566406
49.7666666667	-37.6	-2058.36108398
49.7833333333	-37.6	-2049.47216797
49.8	-37.6	-2082.13891602
49.8166666667	-37.6	-2141.66674805
49.8333333333	-37.6	-2217.16674805
49.85	-37.6	-2295
49.8666666667	-37.6	-2368.83325195
49.8833333333	-37.6	-2421.86108398
49.9	-37.6	-2445.72216797
49.9166666667	-37.6	-2448.77783203
49.9333333333	-37.6	-2439.69433594
49.95	-37.6	-2416.77783203
49.9666666667	-37.6	-2380.13891602
49.9833333333	-37.6	-2335.25
50	-37.6	-2292.88891602
50.0166666667	-37.6	-2255.88891602
50.0333333333	-37.6	-2228.77783203
50.05	-37.6	-2205.91674805
50.0666666667	-37.6	-2182.77783203
50.0833333333	-37.6	-2151.02783203
50.1	-37.6	-2107.80566406
50.1166666667	-37.6	-2054.41674805
50.1333333333	-37.6	-1996.91662598
50.15	-37.6	-1944.5
50.1666666667	-37.6	-1907.30554199
50.1833333333	-37.6	-1889.5
50.2	-37.6	-1893.36108398
50.2166666667	-37.6	-1912.88891602
50.2333333333	-37.6	-1940.91662598
50.25	-37.6	-1968.13891602
50.2666666667	-37.6	-1987.55554199
50.2833333333	-37.6	-1994.97216797
50.3	-37.6	-1989.38891602
50.3166666667	-37.6	-1971.22216797
50.3333333333	-37.6	-1944.08337402
50.35	-37.6	-1922.36108398
50.3666666667	-37.6	-1916.91662598
50.3833333333	-37.6	-1915.27783203
50.4	-37.6	-1901.88891602
50.4166666667	-37.6	-1870.16662598
50.4333333333	-37.6	-1824.66662598
50.45	-37.6	-1775.13891602
50.4666666667	-37.6	-1739.11108398
50.4833333333	-37.6	-1734
50.5	-37.6	-1770.47216797
50.5166666667	-37.6	-1843
50.5333333333	-37.6	-1936.30554199
50.55	-37.6	-2035.25
50.5666666667	-37.6	-2125.11108398
50.5833333333	-37.6	-2206.80566406
50.6	-37.6	-2281.44433594
50.6166666667	-37.6	-2344.38891602
50.6333333333	-37.6	-2389.44433594
50.65	-37.6	-2426.38891602
50.6666666667	-37.6	-2462
50.6833333333	-37.6	-2498.22216797
50.7	-37.6	-2535.19433594
49.6	-37.6166666667	-2481.5
49.6166666667	-37.6166666667	-2535.80566406
49.6333333333	-37.6166666667	-2589.44433594
49.65	-37.6166666667	-2631.36108398
49.6666666667	-37.6166666667	-2652.22216797
49.6833333333	-37.6166666667	-2636.77783203
49.7	-37.6166666667	-2575.72216797
49.7166666667	-37.6166666667	-2470.41674805
49.7333333333	-37.6166666667	-2330.36108398
49.75	-37.6166666667	-2208.55566406
49.7666666667	-37.6166666667	-2149.91674805
49.7833333333	-37.6166666667	-2150.55566406
49.8	-37.6166666667	-2197.72216797
49.8166666667	-37.6166666667	-2269.86108398
49.8333333333	-37.6166666667	-2352.61108398
49.85	-37.6166666667	-2417.72216797
49.8666666667	-37.6166666667	-2466.91674805
49.8833333333	-37.6166666667	-2491.69433594
49.9	-37.6166666667	-2518.69433594
49.9166666667	-37.6166666667	-2534.25
49.9333333333	-37.6166666667	-2538.05566406
49.95	-37.6166666667	-2524.11108398
49.9666666667	-37.6166666667	-2494.16674805
49.9833333333	-37.6166666667	-2455.88891602
50	-37.6166666667	-2420.58325195
50.0166666667	-37.6166666667	-2390.44433594
50.0333333333	-37.6166666667	-2370.66674805
50.05	-37.6166666667	-2354
50.0666666667	-37.6166666667	-2335.44433594
50.0833333333	-37.6166666667	-2306.30566406
50.1	-37.6166666667	-2263.72216797
50.1166666667	-37.6166666667	-2209.88891602
50.1333333333	-37.6166666667	-2150.36108398
50.15	-37.6166666667	-2094.72216797
50.1666666667	-37.6166666667	-2051.66674805
50.1833333333	-37.6166666667	-2025.94445801
50.2	-37.6166666667	-2017.94445801
50.2166666667	-37.6166666667	-2023.25
50.2333333333	-37.6166666667	-2034.86108398
50.25	-37.6166666667	-2045.13891602
50.2666666667	-37.6166666667	-2048.41674805
50.2833333333	-37.6166666667	-2040.88891602
50.3	-37.6166666667	-2021.72216797
50.3166666667	-37.6166666667	-1991.36108398
50.3333333333	-37.6166666667	-1953.97216797
50.35	-37.6166666667	-1923.66662598
50.3666666667	-37.6166666667	-1914.97216797
50.3833333333	-37.6166666667	-1908.30554199
50.4	-37.6166666667	-1893.13891602
50.4166666667	-37.6166666667	-1861.63891602
50.4333333333	-37.6166666667	-1817.75
50.45	-37.6166666667	-1775.25
50.4666666667	-37.6166666667	-1748.44445801
50.4833333333	-37.6166666667	-1746.5
50.5	-37.6166666667	-1771.61108398
50.5166666667	-37.6166666667	-1827.19445801
50.5333333333	-37.6166666667	-1908.75
50.55	-37.6166666667	-1994.72216797
50.5666666667	-37.6166666667	-2066.44433594
50.5833333333	-37.6166666667	-2127.41674805
50.6	-37.6166666667	-2200.16674805
50.6166666667	-37.6166666667	-2263.55566406
50.6333333333	-37.6166666667	-2312.63891602
50.65	-37.6166666667	-2352.05566406
50.6666666667	-37.6166666667	-2387.58325195
50.6833333333	-37.6166666667	-2421.25
50.7	-37.6166666667	-2456.05566406
49.6	-37.6333333333	-2592.47216797
49.6166666667	-37.6333333333	-2656.05566406
49.6333333333	-37.6333333333	-2718.86108398
49.65	-37.6333333333	-2769.30566406
49.6666666667	-37.6333333333	-2794.58325195
49.6833333333	-37.6333333333	-2778.88891602
49.7	-37.6333333333	-2711.13891602
49.7166666667	-37.6333333333	-2596.38891602
49.7333333333	-37.6333333333	-2454.47216797
49.75	-37.6333333333	-2333.91674805
49.7666666667	-37.6333333333	-2282.02783203
49.7833333333	-37.6333333333	-2294.61108398
49.8	-37.6333333333	-2359.13891602
49.8166666667	-37.6333333333	-2452.5
49.8333333333	-37.6333333333	-2551.77783203
49.85	-37.6333333333	-2620.75
49.8666666667	-37.6333333333	-2636.41674805
49.8833333333	-37.6333333333	-2631
49.9	-37.6333333333	-2642.41674805
49.9166666667	-37.6333333333	-2659.41674805
49.9333333333	-37.6333333333	-2667.05566406
49.95	-37.6333333333	-2658.52783203
49.9666666667	-37.6333333333	-2635.30566406
49.9833333333	-37.6333333333	-2605.13891602
50	-37.6333333333	-2576.52783203
50.0166666667	-37.6333333333	-2553.25
50.0333333333	-37.6333333333	-2536.75
50.05	-37.6333333333	-2521.80566406
50.0666666667	-37.6333333333	-2501.75
50.0833333333	-37.6333333333	-2470.25
50.1	-37.6333333333	-2423.47216797
50.1166666667	-37.6333333333	-2365.77783203
50.1333333333	-37.6333333333	-2302.27783203
50.15	-37.6333333333	-2242.69433594
50.1666666667	-37.6333333333	-2194.72216797
50.1833333333	-37.6333333333	-2162.47216797
50.2	-37.6333333333	-2145.88891602
50.2166666667	-37.6333333333	-2139.30566406
50.2333333333	-37.6333333333	-2135.30566406
50.25	-37.6333333333	-2128.88891602
50.2666666667	-37.6333333333	-2115.16674805
50.2833333333	-37.6333333333	-2091.27783203
50.3	-37.6333333333	-2057.88891602
50.3166666667	-37.6333333333	-2016.83337402
50.3333333333	-37.6333333333	-1974.55554199
50.35	-37.6333333333	-1942.5
50.3666666667	-37.6333333333	-1929.27783203
50.3833333333	-37.6333333333	-1917.22216797
50.4	-37.6333333333	-1890.86108398
50.4166666667	-37.6333333333	-1850.36108398
50.4333333333	-37.6333333333	-1803.11108398
50.45	-37.6333333333	-1761.41662598
50.4666666667	-37.6333333333	-1736.44445801
50.4833333333	-37.6333333333	-1732.30554199
50.5	-37.6333333333	-1751.55554199
50.5166666667	-37.6333333333	-1795.77783203
50.5333333333	-37.6333333333	-1864.44445801
50.55	-37.6333333333	-1942.05554199
50.5666666667	-37.6333333333	-2014.75
50.5833333333	-37.6333333333	-2075.69433594
50.6	-37.6333333333	-2128.25
50.6166666667	-37.6333333333	-2175.36108398
50.6333333333	-37.6333333333	-2225.41674805
50.65	-37.6333333333	-2270.47216797
50.6666666667	-37.6333333333	-2305.77783203
50.6833333333	-37.6333333333	-2337.72216797
50.7	-37.6333333333	-2373.63891602
49.6	-37.65	-2738.52783203
49.6166666667	-37.65	-2806.5
49.6333333333	-37.65	-2872.05566406
49.65	-37.65	-2923.16674805
49.6666666667	-37.65	-2946.05566406
49.6833333333	-37.65	-2926.02783203
49.7	-37.65	-2852.16674805
49.7166666667	-37.65	-2735.58325195
49.7333333333	-37.65	-2602.13891602
49.75	-37.65	-2489.61108398
49.7666666667	-37.65	-2447.16674805
49.7833333333	-37.65	-2466.80566406
49.8	-37.65	-2541
49.8166666667	-37.65	-2644.5
49.8333333333	-37.65	-2750.97216797
49.85	-37.65	-2823.38891602
49.8666666667	-37.65	-2812.63891602
49.8833333333	-37.65	-2786.75
49.9	-37.65	-2787.38891602
49.9166666667	-37.65	-2801.83325195
49.9333333333	-37.65	-2806.80566406
49.95	-37.65	-2798.88891602
49.9666666667	-37.65	-2779.13891602
49.9833333333	-37.65	-2754.44433594
50	-37.65	-2730.44433594
50.0166666667	-37.65	-2710.69433594
50.0333333333	-37.65	-2693.44433594
50.05	-37.65	-2675.16674805
50.0666666667	-37.65	-2648.11108398
50.0833333333	-37.65	-2609.52783203
50.1	-37.65	-2554.5
50.1166666667	-37.65	-2490.75
50.1333333333	-37.65	-2422.25
50.15	-37.65	-2359.55566406
50.1666666667	-37.65	-2309
50.1833333333	-37.65	-2273.58325195
50.2	-37.65	-2251.83325195
50.2166666667	-37.65	-2237.27783203
50.2333333333	-37.65	-2221.25
50.25	-37.65	-2200.58325195
50.2666666667	-37.65	-2171.08325195
50.2833333333	-37.65	-2133.63891602
50.3	-37.65	-2089.58325195
50.3166666667	-37.65	-2042.80554199
50.3333333333	-37.65	-2000.16662598
50.35	-37.65	-1967.66662598
50.3666666667	-37.65	-1949.83337402
50.3833333333	-37.65	-1929.80554199
50.4	-37.65	-1888.52783203
50.4166666667	-37.65	-1835.83337402
50.4333333333	-37.65	-1782.91662598
50.45	-37.65	-1739.13891602
50.4666666667	-37.65	-1713.66662598
50.4833333333	-37.65	-1707.63891602
50.5	-37.65	-1723.69445801
50.5166666667	-37.65	-1760.86108398
50.5333333333	-37.65	-1820.63891602
50.55	-37.65	-1894.11108398
50.5666666667	-37.65	-1973.61108398
50.5833333333	-37.65	-2040.41662598
50.6	-37.65	-2075.38891602
50.6166666667	-37.65	-2103.94433594
50.6333333333	-37.65	-2151.44433594
50.65	-37.65	-2196.52783203
50.6666666667	-37.65	-2226.52783203
50.6833333333	-37.65	-2255.11108398
50.7	-37.65	-2295.41674805
49.6	-37.6666666667	-2910.08325195
49.6166666667	-37.6666666667	-2974.86108398
49.6333333333	-37.6666666667	-3033.16674805
49.65	-37.6666666667	-3074.86108398
49.6666666667	-37.6666666667	-3086.69433594
49.6833333333	-37.6666666667	-3058.52783203
49.7	-37.6666666667	-2985.27783203
49.7166666667	-37.6666666667	-2881.38891602
49.7333333333	-37.6666666667	-2769.97216797
49.75	-37.6666666667	-2678.77783203
49.7666666667	-37.6666666667	-2632.44433594
49.7833333333	-37.6666666667	-2644.66674805
49.8	-37.6666666667	-2710.55566406
49.8166666667	-37.6666666667	-2801.69433594
49.8333333333	-37.6666666667	-2879.27783203
49.85	-37.6666666667	-2924
49.8666666667	-37.6666666667	-2924.91674805
49.8833333333	-37.6666666667	-2914.38891602
49.9	-37.6666666667	-2918.11108398
49.9166666667	-37.6666666667	-2928.75
49.9333333333	-37.6666666667	-2929.44433594
49.95	-37.6666666667	-2919
49.9666666667	-37.6666666667	-2899.22216797
49.9833333333	-37.6666666667	-2876.11108398
50	-37.6666666667	-2851.94433594
50.0166666667	-37.6666666667	-2829.94433594
50.0333333333	-37.6666666667	-2806.33325195
50.05	-37.6666666667	-2779.08325195
50.0666666667	-37.6666666667	-2740.41674805
50.0833333333	-37.6666666667	-2690.02783203
50.1	-37.6666666667	-2625.63891602
50.1166666667	-37.6666666667	-2555.61108398
50.1333333333	-37.6666666667	-2484.55566406
50.15	-37.6666666667	-2422.02783203
50.1666666667	-37.6666666667	-2372.77783203
50.1833333333	-37.6666666667	-2338.44433594
50.2	-37.6666666667	-2314.47216797
50.2166666667	-37.6666666667	-2295.41674805
50.2333333333	-37.6666666667	-2271.55566406
50.25	-37.6666666667	-2240.41674805
50.2666666667	-37.6666666667	-2198.80566406
50.2833333333	-37.6666666667	-2152.33325195
50.3	-37.6666666667	-2104.19433594
50.3166666667	-37.6666666667	-2060.02783203
50.3333333333	-37.6666666667	-2021.94445801
50.35	-37.6666666667	-1989.94445801
50.3666666667	-37.6666666667	-1960.41662598
50.3833333333	-37.6666666667	-1923.97216797
50.4	-37.6666666667	-1872.52783203
50.4166666667	-37.6666666667	-1814.05554199
50.4333333333	-37.6666666667	-1759.41662598
50.45	-37.6666666667	-1717.08337402
50.4666666667	-37.6666666667	-1693.02783203
50.4833333333	-37.6666666667	-1688.30554199
50.5	-37.6666666667	-1703.02783203
50.5166666667	-37.6666666667	-1736.72216797
50.5333333333	-37.6666666667	-1789.94445801
50.55	-37.6666666667	-1857.63891602
50.5666666667	-37.6666666667	-1932.97216797
50.5833333333	-37.6666666667	-1997.41662598
50.6	-37.6666666667	-2037.41662598
50.6166666667	-37.6666666667	-2068.13891602
50.6333333333	-37.6666666667	-2105.55566406
50.65	-37.6666666667	-2138.30566406
50.6666666667	-37.6666666667	-2157.83325195
50.6833333333	-37.6666666667	-2181.55566406
50.7	-37.6666666667	-2229.27783203
49.6	-37.6833333333	-3091.63891602
49.6166666667	-37.6833333333	-3142.47216797
49.6333333333	-37.6833333333	-3182.02783203
49.65	-37.6833333333	-3202.75
49.6666666667	-37.6833333333	-3194.66674805
49.6833333333	-37.6833333333	-3155.61108398
49.7	-37.6833333333	-3083.75
49.7166666667	-37.6833333333	-2995.19433594
49.7333333333	-37.6833333333	-2905.88891602
49.75	-37.6833333333	-2833.75
49.7666666667	-37.6833333333	-2779.91674805
49.7833333333	-37.6833333333	-2777.86108398
49.8	-37.6833333333	-2828.02783203
49.8166666667	-37.6833333333	-2900.58325195
49.8333333333	-37.6833333333	-2946.19433594
49.85	-37.6833333333	-2968.47216797
49.8666666667	-37.6833333333	-2987.44433594
49.8833333333	-37.6833333333	-2999.30566406
49.9	-37.6833333333	-3012.44433594
49.9166666667	-37.6833333333	-3021.77783203
49.9333333333	-37.6833333333	-3016.36108398
49.95	-37.6833333333	-2999.97216797
49.9666666667	-37.6833333333	-2974.72216797
49.9833333333	-37.6833333333	-2946.91674805
50	-37.6833333333	-2916.22216797
50.0166666667	-37.6833333333	-2886.16674805
50.0333333333	-37.6833333333	-2851.36108398
50.05	-37.6833333333	-2811.38891602
50.0666666667	-37.6833333333	-2757.55566406
50.0833333333	-37.6833333333	-2695.16674805
50.1	-37.6833333333	-2621.44433594
50.1166666667	-37.6833333333	-2547.19433594
50.1333333333	-37.6833333333	-2475.66674805
50.15	-37.6833333333	-2416.75
50.1666666667	-37.6833333333	-2371.91674805
50.1833333333	-37.6833333333	-2342.27783203
50.2	-37.6833333333	-2320
50.2166666667	-37.6833333333	-2300.75
50.2333333333	-37.6833333333	-2272.08325195
50.25	-37.6833333333	-2234.08325195
50.2666666667	-37.6833333333	-2183
50.2833333333	-37.6833333333	-2132.36108398
50.3	-37.6833333333	-2086.75
50.3166666667	-37.6833333333	-2053.22216797
50.3333333333	-37.6833333333	-2025.55554199
50.35	-37.6833333333	-1996.83337402
50.3666666667	-37.6833333333	-1955.80554199
50.3833333333	-37.6833333333	-1903.25
50.4	-37.6833333333	-1843.19445801
50.4166666667	-37.6833333333	-1783.33337402
50.4333333333	-37.6833333333	-1732
50.45	-37.6833333333	-1695.30554199
50.4666666667	-37.6833333333	-1676.72216797
50.4833333333	-37.6833333333	-1676.41662598
50.5	-37.6833333333	-1693.38891602
50.5166666667	-37.6833333333	-1726.27783203
50.5333333333	-37.6833333333	-1774.63891602
50.55	-37.6833333333	-1834.88891602
50.5666666667	-37.6833333333	-1902.97216797
50.5833333333	-37.6833333333	-1964.27783203
50.6	-37.6833333333	-2012
50.6166666667	-37.6833333333	-2048.91674805
50.6333333333	-37.6833333333	-2079.16674805
50.65	-37.6833333333	-2100.58325195
50.6666666667	-37.6833333333	-2109.08325195
50.6833333333	-37.6833333333	-2127.55566406
50.7	-37.6833333333	-2182.02783203
49.6	-37.7	-3266.75
49.6166666667	-37.7	-3292
49.6333333333	-37.7	-3300.66674805
49.65	-37.7	-3287.02783203
49.6666666667	-37.7	-3248.38891602
49.6833333333	-37.7	-3189.25
49.7	-37.7	-3114.94433594
49.7166666667	-37.7	-3037.44433594
49.7333333333	-37.7	-2963.44433594
49.75	-37.7	-2898.02783203
49.7666666667	-37.7	-2850.11108398
49.7833333333	-37.7	-2835.02783203
49.8	-37.7	-2870.86108398
49.8166666667	-37.7	-2925.86108398
49.8333333333	-37.7	-2971
49.85	-37.7	-3002.41674805
49.8666666667	-37.7	-3027.58325195
49.8833333333	-37.7	-3046.55566406
49.9	-37.7	-3060.13891602
49.9166666667	-37.7	-3063.44433594
49.9333333333	-37.7	-3051.30566406
49.95	-37.7	-3025.83325195
49.9666666667	-37.7	-2990.91674805
49.9833333333	-37.7	-2951.41674805
50	-37.7	-2908.83325195
50.0166666667	-37.7	-2864.05566406
50.0333333333	-37.7	-2814.41674805
50.05	-37.7	-2757.86108398
50.0666666667	-37.7	-2690.36108398
50.0833333333	-37.7	-2616.13891602
50.1	-37.7	-2537
50.1166666667	-37.7	-2460.66674805
50.1333333333	-37.7	-2392.94433594
50.15	-37.7	-2339.72216797
50.1666666667	-37.7	-2302.58325195
50.1833333333	-37.7	-2279.38891602
50.2	-37.7	-2262.52783203
50.2166666667	-37.7	-2245.08325195
50.2333333333	-37.7	-2216.72216797
50.25	-37.7	-2174.52783203
50.2666666667	-37.7	-2118.22216797
50.2833333333	-37.7	-2064.94433594
50.3	-37.7	-2030.91662598
50.3166666667	-37.7	-2013.72216797
50.3333333333	-37.7	-2002.63891602
50.35	-37.7	-1980.44445801
50.3666666667	-37.7	-1931.91662598
50.3833333333	-37.7	-1868.02783203
50.4	-37.7	-1802.61108398
50.4166666667	-37.7	-1745.08337402
50.4333333333	-37.7	-1700.86108398
50.45	-37.7	-1673.36108398
50.4666666667	-37.7	-1663.80554199
50.4833333333	-37.7	-1671.47216797
50.5	-37.7	-1693.52783203
50.5166666667	-37.7	-1728.41662598
50.5333333333	-37.7	-1774.25
50.55	-37.7	-1829.88891602
50.5666666667	-37.7	-1890.94445801
50.5833333333	-37.7	-1948.94445801
50.6	-37.7	-1996.88891602
50.6166666667	-37.7	-2033.25
50.6333333333	-37.7	-2058.61108398
50.65	-37.7	-2075.02783203
50.6666666667	-37.7	-2086.22216797
50.6833333333	-37.7	-2109.58325195
50.7	-37.7	-2158.72216797
49.6	-37.7166666667	-3414.25
49.6166666667	-37.7166666667	-3404.11108398
49.6333333333	-37.7166666667	-3374.08325195
49.65	-37.7166666667	-3318.58325195
49.6666666667	-37.7166666667	-3239.75
49.6833333333	-37.7166666667	-3150.30566406
49.7	-37.7166666667	-3065
49.7166666667	-37.7166666667	-2997.80566406
49.7333333333	-37.7166666667	-2949.94433594
49.75	-37.7166666667	-2907.61108398
49.7666666667	-37.7166666667	-2876.52783203
49.7833333333	-37.7166666667	-2850.52783203
49.8	-37.7166666667	-2870.36108398
49.8166666667	-37.7166666667	-2906.86108398
49.8333333333	-37.7166666667	-2955.77783203
49.85	-37.7166666667	-3001.22216797
49.8666666667	-37.7166666667	-3029.80566406
49.8833333333	-37.7166666667	-3049.13891602
49.9	-37.7166666667	-3059.63891602
49.9166666667	-37.7166666667	-3056.27783203
49.9333333333	-37.7166666667	-3035.63891602
49.95	-37.7166666667	-2999.13891602
49.9666666667	-37.7166666667	-2950.69433594
49.9833333333	-37.7166666667	-2895.30566406
50	-37.7166666667	-2836.75
50.0166666667	-37.7166666667	-2774.86108398
50.0333333333	-37.7166666667	-2708.94433594
50.05	-37.7166666667	-2637.5
50.0666666667	-37.7166666667	-2559.22216797
50.0833333333	-37.7166666667	-2477.25
50.1	-37.7166666667	-2396
50.1166666667	-37.7166666667	-2321.22216797
50.1333333333	-37.7166666667	-2259.63891602
50.15	-37.7166666667	-2214.13891602
50.1666666667	-37.7166666667	-2186
50.1833333333	-37.7166666667	-2170.55566406
50.2	-37.7166666667	-2160.5
50.2166666667	-37.7166666667	-2148.02783203
50.2333333333	-37.7166666667	-2124.55566406
50.25	-37.7166666667	-2084.55566406
50.2666666667	-37.7166666667	-2028.27783203
50.2833333333	-37.7166666667	-1977
50.3	-37.7166666667	-1957.44445801
50.3166666667	-37.7166666667	-1955.13891602
50.3333333333	-37.7166666667	-1957.69445801
50.35	-37.7166666667	-1941.08337402
50.3666666667	-37.7166666667	-1886.86108398
50.3833333333	-37.7166666667	-1817
50.4	-37.7166666667	-1751.5
50.4166666667	-37.7166666667	-1699.72216797
50.4333333333	-37.7166666667	-1664.61108398
50.45	-37.7166666667	-1648.36108398
50.4666666667	-37.7166666667	-1650.25
50.4833333333	-37.7166666667	-1667.80554199
50.5	-37.7166666667	-1696.44445801
50.5166666667	-37.7166666667	-1734.41662598
50.5333333333	-37.7166666667	-1778.36108398
50.55	-37.7166666667	-1830.91662598
50.5666666667	-37.7166666667	-1887.69445801
50.5833333333	-37.7166666667	-1942.83337402
50.6	-37.7166666667	-1986.83337402
50.6166666667	-37.7166666667	-2019.63891602
50.6333333333	-37.7166666667	-2043.47216797
50.65	-37.7166666667	-2061.83325195
50.6666666667	-37.7166666667	-2081.61108398
50.6833333333	-37.7166666667	-2111.47216797
50.7	-37.7166666667	-2155.75
49.6	-37.7333333333	-3506.88891602
49.6166666667	-37.7333333333	-3456.97216797
49.6333333333	-37.7333333333	-3384.19433594
49.65	-37.7333333333	-3286.27783203
49.6666666667	-37.7333333333	-3161.38891602
49.6833333333	-37.7333333333	-3032.91674805
49.7	-37.7333333333	-2926.25
49.7166666667	-37.7333333333	-2869.19433594
49.7333333333	-37.7333333333	-2866.44433594
49.75	-37.7333333333	-2885.61108398
49.7666666667	-37.7333333333	-2875.97216797
49.7833333333	-37.7333333333	-2858.05566406
49.8	-37.7333333333	-2842.27783203
49.8166666667	-37.7333333333	-2852.47216797
49.8333333333	-37.7333333333	-2888.61108398
49.85	-37.7333333333	-2936.30566406
49.8666666667	-37.7333333333	-2974.08325195
49.8833333333	-37.7333333333	-3000.08325195
49.9	-37.7333333333	-3010.55566406
49.9166666667	-37.7333333333	-3002.63891602
49.9333333333	-37.7333333333	-2973.25
49.95	-37.7333333333	-2924.97216797
49.9666666667	-37.7333333333	-2861.38891602
49.9833333333	-37.7333333333	-2788.97216797
50	-37.7333333333	-2713.19433594
50.0166666667	-37.7333333333	-2634.94433594
50.0333333333	-37.7333333333	-2555.13891602
50.05	-37.7333333333	-2473.88891602
50.0666666667	-37.7333333333	-2390.69433594
50.0833333333	-37.7333333333	-2307.94433594
50.1	-37.7333333333	-2229.77783203
50.1166666667	-37.7333333333	-2160.97216797
50.1333333333	-37.7333333333	-2107.41674805
50.15	-37.7333333333	-2070.30566406
50.1666666667	-37.7333333333	-2050.77783203
50.1833333333	-37.7333333333	-2042.66662598
50.2	-37.7333333333	-2039.72216797
50.2166666667	-37.7333333333	-2033.61108398
50.2333333333	-37.7333333333	-2017.25
50.25	-37.7333333333	-1985.41662598
50.2666666667	-37.7333333333	-1940.75
50.2833333333	-37.7333333333	-1902.83337402
50.3	-37.7333333333	-1891.72216797
50.3166666667	-37.7333333333	-1895.75
50.3333333333	-37.7333333333	-1895.41662598
50.35	-37.7333333333	-1874.36108398
50.3666666667	-37.7333333333	-1820.86108398
50.3833333333	-37.7333333333	-1754.22216797
50.4	-37.7333333333	-1694.55554199
50.4166666667	-37.7333333333	-1650.58337402
50.4333333333	-37.7333333333	-1625.72216797
50.45	-37.7333333333	-1620.86108398
50.4666666667	-37.7333333333	-1634.41662598
50.4833333333	-37.7333333333	-1661.69445801
50.5	-37.7333333333	-1697.91662598
50.5166666667	-37.7333333333	-1738.41662598
50.5333333333	-37.7333333333	-1781.63891602
50.55	-37.7333333333	-1829.16662598
50.5666666667	-37.7333333333	-1884.36108398
50.5833333333	-37.7333333333	-1936
50.6	-37.7333333333	-1975.94445801
50.6166666667	-37.7333333333	-2006.47216797
50.6333333333	-37.7333333333	-2031.94445801
50.65	-37.7333333333	-2057.25
50.6666666667	-37.7333333333	-2087.27783203
50.6833333333	-37.7333333333	-2123.86108398
50.7	-37.7333333333	-2167.16674805
49.6	-37.75	-3500.66674805
49.6166666667	-37.75	-3412.44433594
49.6333333333	-37.75	-3300.94433594
49.65	-37.75	-3168.97216797
49.6666666667	-37.75	-3003.47216797
49.6833333333	-37.75	-2836.72216797
49.7	-37.75	-2696.47216797
49.7166666667	-37.75	-2628.16674805
49.7333333333	-37.75	-2648.58325195
49.75	-37.75	-2715.25
49.7666666667	-37.75	-2720.75
49.7833333333	-37.75	-2724.52783203
49.8	-37.75	-2698.02783203
49.8166666667	-37.75	-2707.38891602
49.8333333333	-37.75	-2746.30566406
49.85	-37.75	-2805.36108398
49.8666666667	-37.75	-2857.5
49.8833333333	-37.75	-2895.44433594
49.9	-37.75	-2910.44433594
49.9166666667	-37.75	-2901.63891602
49.9333333333	-37.75	-2865.11108398
49.95	-37.75	-2806.47216797
49.9666666667	-37.75	-2729.47216797
49.9833333333	-37.75	-2642.5
50	-37.75	-2551.88891602
50.0166666667	-37.75	-2460.94433594
50.0333333333	-37.75	-2372.88891602
50.05	-37.75	-2288.36108398
50.0666666667	-37.75	-2208
50.0833333333	-37.75	-2132.88891602
50.1	-37.75	-2065.13891602
50.1166666667	-37.75	-2008.05554199
50.1333333333	-37.75	-1966.33337402
50.15	-37.75	-1939.25
50.1666666667	-37.75	-1927.86108398
50.1833333333	-37.75	-1925.36108398
50.2	-37.75	-1927.47216797
50.2166666667	-37.75	-1926.27783203
50.2333333333	-37.75	-1916.33337402
50.25	-37.75	-1895.08337402
50.2666666667	-37.75	-1863.11108398
50.2833333333	-37.75	-1835.75
50.3	-37.75	-1827.05554199
50.3166666667	-37.75	-1828.61108398
50.3333333333	-37.75	-1820.30554199
50.35	-37.75	-1796.72216797
50.3666666667	-37.75	-1748.77783203
50.3833333333	-37.75	-1691.86108398
50.4	-37.75	-1643.33337402
50.4166666667	-37.75	-1609.36108398
50.4333333333	-37.75	-1594.22216797
50.45	-37.75	-1598.02783203
50.4666666667	-37.75	-1620.47216797
50.4833333333	-37.75	-1656.58337402
50.5	-37.75	-1701.72216797
50.5166666667	-37.75	-1748.63891602
50.5333333333	-37.75	-1795.41662598
50.55	-37.75	-1837.69445801
50.5666666667	-37.75	-1886.88891602
50.5833333333	-37.75	-1929.16662598
50.6	-37.75	-1961.55554199
50.6166666667	-37.75	-1990
50.6333333333	-37.75	-2019.97216797
50.65	-37.75	-2054.66674805
50.6666666667	-37.75	-2095.61108398
50.6833333333	-37.75	-2140.80566406
50.7	-37.75	-2186.86108398
49.6	-37.7666666667	-3364.08325195
49.6166666667	-37.7666666667	-3242.41674805
49.6333333333	-37.7666666667	-3106.38891602
49.65	-37.7666666667	-2949.91674805
49.6666666667	-37.7666666667	-2766.16674805
49.6833333333	-37.7666666667	-2574.5
49.7	-37.7666666667	-2403.75
49.7166666667	-37.7666666667	-2293.19433594
49.7333333333	-37.7666666667	-2274.08325195
49.75	-37.7666666667	-2300.33325195
49.7666666667	-37.7666666667	-2326.66674805
49.7833333333	-37.7666666667	-2351.55566406
49.8	-37.7666666667	-2386.11108398
49.8166666667	-37.7666666667	-2442.33325195
49.8333333333	-37.7666666667	-2523.47216797
49.85	-37.7666666667	-2611.30566406
49.8666666667	-37.7666666667	-2685.25
49.8833333333	-37.7666666667	-2736.94433594
49.9	-37.7666666667	-2760.02783203
49.9166666667	-37.7666666667	-2753.11108398
49.9333333333	-37.7666666667	-2714.19433594
49.95	-37.7666666667	-2648.77783203
49.9666666667	-37.7666666667	-2563.16674805
49.9833333333	-37.7666666667	-2466.75
50	-37.7666666667	-2366.91674805
50.0166666667	-37.7666666667	-2270.16674805
50.0333333333	-37.7666666667	-2180.88891602
50.05	-37.7666666667	-2101.19433594
50.0666666667	-37.7666666667	-2032.72216797
50.0833333333	-37.7666666667	-1974.38891602
50.1	-37.7666666667	-1926.66662598
50.1166666667	-37.7666666667	-1889.41662598
50.1333333333	-37.7666666667	-1865.38891602
50.15	-37.7666666667	-1851.5
50.1666666667	-37.7666666667	-1847.44445801
50.1833333333	-37.7666666667	-1847.83337402
50.2	-37.7666666667	-1850.27783203
50.2166666667	-37.7666666667	-1848.22216797
50.2333333333	-37.7666666667	-1839.83337402
50.25	-37.7666666667	-1822.94445801
50.2666666667	-37.7666666667	-1798.77783203
50.2833333333	-37.7666666667	-1775.69445801
50.3	-37.7666666667	-1758
50.3166666667	-37.7666666667	-1747.55554199
50.3333333333	-37.7666666667	-1738.61108398
50.35	-37.7666666667	-1721.05554199
50.3666666667	-37.7666666667	-1689.16662598
50.3833333333	-37.7666666667	-1649.05554199
50.4	-37.7666666667	-1613.77783203
50.4166666667	-37.7666666667	-1589.13891602
50.4333333333	-37.7666666667	-1580.61108398
50.45	-37.7666666667	-1588.63891602
50.4666666667	-37.7666666667	-1614.30554199
50.4833333333	-37.7666666667	-1655.30554199
50.5	-37.7666666667	-1708.88891602
50.5166666667	-37.7666666667	-1767.47216797
50.5333333333	-37.7666666667	-1822.22216797
50.55	-37.7666666667	-1867.22216797
50.5666666667	-37.7666666667	-1895.13891602
50.5833333333	-37.7666666667	-1916.44445801
50.6	-37.7666666667	-1938.11108398
50.6166666667	-37.7666666667	-1966.36108398
50.6333333333	-37.7666666667	-2003.5
50.65	-37.7666666667	-2049.52783203
50.6666666667	-37.7666666667	-2102.83325195
50.6833333333	-37.7666666667	-2158.05566406
50.7	-37.7666666667	-2209.58325195
49.6	-37.7833333333	-3123.77783203
49.6166666667	-37.7833333333	-2992.38891602
49.6333333333	-37.7833333333	-2850.11108398
49.65	-37.7833333333	-2686.5
49.6666666667	-37.7833333333	-2501.38891602
49.6833333333	-37.7833333333	-2307.66674805
49.7	-37.7833333333	-2131.58325195
49.7166666667	-37.7833333333	-1989.58337402
49.7333333333	-37.7833333333	-1927.22216797
49.75	-37.7833333333	-1899.22216797
49.7666666667	-37.7833333333	-1933.41662598
49.7833333333	-37.7833333333	-1973.5
49.8	-37.7833333333	-2064.47216797
49.8166666667	-37.7833333333	-2160.75
49.8333333333	-37.7833333333	-2279.19433594
49.85	-37.7833333333	-2391.55566406
49.8666666667	-37.7833333333	-2483.13891602
49.8833333333	-37.7833333333	-2547.55566406
49.9	-37.7833333333	-2579.44433594
49.9166666667	-37.7833333333	-2576.88891602
49.9333333333	-37.7833333333	-2537.52783203
49.95	-37.7833333333	-2468.52783203
49.9666666667	-37.7833333333	-2377.72216797
49.9833333333	-37.7833333333	-2275.80566406
50	-37.7833333333	-2172.91674805
50.0166666667	-37.7833333333	-2078.44433594
50.0333333333	-37.7833333333	-1997.44445801
50.05	-37.7833333333	-1933.25
50.0666666667	-37.7833333333	-1887.41662598
50.0833333333	-37.7833333333	-1855.27783203
50.1	-37.7833333333	-1836.25
50.1166666667	-37.7833333333	-1825
50.1333333333	-37.7833333333	-1822.88891602
50.15	-37.7833333333	-1822.91662598
50.1666666667	-37.7833333333	-1826.11108398
50.1833333333	-37.7833333333	-1827.33337402
50.2	-37.7833333333	-1827.63891602
50.2166666667	-37.7833333333	-1819.86108398
50.2333333333	-37.7833333333	-1806
50.25	-37.7833333333	-1781.72216797
50.2666666667	-37.7833333333	-1751
50.2833333333	-37.7833333333	-1722.16662598
50.3	-37.7833333333	-1695.55554199
50.3166666667	-37.7833333333	-1680.63891602
50.3333333333	-37.7833333333	-1680.72216797
50.35	-37.7833333333	-1676.55554199
50.3666666667	-37.7833333333	-1662.5
50.3833333333	-37.7833333333	-1637.83337402
50.4	-37.7833333333	-1614.33337402
50.4166666667	-37.7833333333	-1595.69445801
50.4333333333	-37.7833333333	-1589.75
50.45	-37.7833333333	-1595.88891602
50.4666666667	-37.7833333333	-1618
50.4833333333	-37.7833333333	-1654.38891602
50.5	-37.7833333333	-1705.11108398
50.5166666667	-37.7833333333	-1764.25
50.5333333333	-37.7833333333	-1818.30554199
50.55	-37.7833333333	-1863.77783203
50.5666666667	-37.7833333333	-1874.38891602
50.5833333333	-37.7833333333	-1882.86108398
50.6	-37.7833333333	-1901.58337402
50.6166666667	-37.7833333333	-1934.97216797
50.6333333333	-37.7833333333	-1981.72216797
50.65	-37.7833333333	-2040.38891602
50.6666666667	-37.7833333333	-2107.16674805
50.6833333333	-37.7833333333	-2173.11108398
50.7	-37.7833333333	-2230.13891602
49.6	-37.8	-2838.41674805
49.6166666667	-37.8	-2725.63891602
49.6333333333	-37.8	-2595.80566406
49.65	-37.8	-2436.16674805
49.6666666667	-37.8	-2256
49.6833333333	-37.8	-2084.66674805
49.7	-37.8	-1950.66662598
49.7166666667	-37.8	-1852.41662598
49.7333333333	-37.8	-1782.08337402
49.75	-37.8	-1749.02783203
49.7666666667	-37.8	-1776.05554199
49.7833333333	-37.8	-1826.94445801
49.8	-37.8	-1894.55554199
49.8166666667	-37.8	-1973.25
49.8333333333	-37.8	-2074.33325195
49.85	-37.8	-2182.16674805
49.8666666667	-37.8	-2279.61108398
49.8833333333	-37.8	-2353.69433594
49.9	-37.8	-2393.61108398
49.9166666667	-37.8	-2395.02783203
49.9333333333	-37.8	-2356.55566406
49.95	-37.8	-2284.80566406
49.9666666667	-37.8	-2190.36108398
49.9833333333	-37.8	-2086.5
50	-37.8	-1987.27783203
50.0166666667	-37.8	-1902.55554199
50.0333333333	-37.8	-1841.30554199
50.05	-37.8	-1803.69445801
50.0666666667	-37.8	-1790.77783203
50.0833333333	-37.8	-1794.16662598
50.1	-37.8	-1809.88891602
50.1166666667	-37.8	-1828.94445801
50.1333333333	-37.8	-1849.02783203
50.15	-37.8	-1863.19445801
50.1666666667	-37.8	-1871.83337402
50.1833333333	-37.8	-1873.38891602
50.2	-37.8	-1869.5
50.2166666667	-37.8	-1855.19445801
50.2333333333	-37.8	-1829.38891602
50.25	-37.8	-1784.88891602
50.2666666667	-37.8	-1731.97216797
50.2833333333	-37.8	-1682.5
50.3	-37.8	-1661.13891602
50.3166666667	-37.8	-1660
50.3333333333	-37.8	-1673.02783203
50.35	-37.8	-1682.55554199
50.3666666667	-37.8	-1680.19445801
50.3833333333	-37.8	-1666.05554199
50.4	-37.8	-1647.88891602
50.4166666667	-37.8	-1631
50.4333333333	-37.8	-1621.44445801
50.45	-37.8	-1620.47216797
50.4666666667	-37.8	-1630.30554199
50.4833333333	-37.8	-1650.36108398
50.5	-37.8	-1679.69445801
50.5166666667	-37.8	-1714.27783203
50.5333333333	-37.8	-1749.22216797
50.55	-37.8	-1778.69445801
50.5666666667	-37.8	-1800.02783203
50.5833333333	-37.8	-1821.55554199
50.6	-37.8	-1852.94445801
50.6166666667	-37.8	-1897.86108398
50.6333333333	-37.8	-1957.27783203
50.65	-37.8	-2028.97216797
50.6666666667	-37.8	-2107.41674805
50.6833333333	-37.8	-2182.38891602
50.7	-37.8	-2244.33325195
49.6	-37.8166666667	-2598.38891602
49.6166666667	-37.8166666667	-2508.55566406
49.6333333333	-37.8166666667	-2392.66674805
49.65	-37.8166666667	-2230.27783203
49.6666666667	-37.8166666667	-2039.30554199
49.6833333333	-37.8166666667	-1880.22216797
49.7	-37.8166666667	-1801.83337402
49.7166666667	-37.8166666667	-1782.25
49.7333333333	-37.8166666667	-1750.66662598
49.75	-37.8166666667	-1746.30554199
49.7666666667	-37.8166666667	-1774.75
49.7833333333	-37.8166666667	-1814.27783203
49.8	-37.8166666667	-1820.63891602
49.8166666667	-37.8166666667	-1843.27783203
49.8333333333	-37.8166666667	-1904.58337402
49.85	-37.8166666667	-1997.47216797
49.8666666667	-37.8166666667	-2097.41674805
49.8833333333	-37.8166666667	-2181.30566406
49.9	-37.8166666667	-2230.66674805
49.9166666667	-37.8166666667	-2235.41674805
49.9333333333	-37.8166666667	-2194.55566406
49.95	-37.8166666667	-2117.52783203
49.9666666667	-37.8166666667	-2020.69445801
49.9833333333	-37.8166666667	-1919.69445801
50	-37.8166666667	-1832.05554199
50.0166666667	-37.8166666667	-1765.13891602
50.0333333333	-37.8166666667	-1730.38891602
50.05	-37.8166666667	-1724.41662598
50.0666666667	-37.8166666667	-1749.61108398
50.0833333333	-37.8166666667	-1791.36108398
50.1	-37.8166666667	-1841.77783203
50.1166666667	-37.8166666667	-1889.72216797
50.1333333333	-37.8166666667	-1930.75
50.15	-37.8166666667	-1956.69445801
50.1666666667	-37.8166666667	-1966.75
50.1833333333	-37.8166666667	-1964.19445801
50.2	-37.8166666667	-1956.08337402
50.2166666667	-37.8166666667	-1939.30554199
50.2333333333	-37.8166666667	-1911.13891602
50.25	-37.8166666667	-1853.30554199
50.2666666667	-37.8166666667	-1776.80554199
50.2833333333	-37.8166666667	-1699.97216797
50.3	-37.8166666667	-1681
50.3166666667	-37.8166666667	-1689.55554199
50.3333333333	-37.8166666667	-1710.86108398
50.35	-37.8166666667	-1727.02783203
50.3666666667	-37.8166666667	-1728.38891602
50.3833333333	-37.8166666667	-1716.69445801
50.4	-37.8166666667	-1697.86108398
50.4166666667	-37.8166666667	-1677.36108398
50.4333333333	-37.8166666667	-1660.25
50.45	-37.8166666667	-1648.22216797
50.4666666667	-37.8166666667	-1641
50.4833333333	-37.8166666667	-1639.36108398
50.5	-37.8166666667	-1642.16662598
50.5166666667	-37.8166666667	-1648.5
50.5333333333	-37.8166666667	-1663.97216797
50.55	-37.8166666667	-1681.69445801
50.5666666667	-37.8166666667	-1719.44445801
50.5833333333	-37.8166666667	-1759.86108398
50.6	-37.8166666667	-1807.5
50.6166666667	-37.8166666667	-1863.83337402
50.6333333333	-37.8166666667	-1934.33337402
50.65	-37.8166666667	-2015.88891602
50.6666666667	-37.8166666667	-2102.05566406
50.6833333333	-37.8166666667	-2182.80566406
50.7	-37.8166666667	-2247.05566406
49.6	-37.8333333333	-2466.02783203
49.6166666667	-37.8333333333	-2381.97216797
49.6333333333	-37.8333333333	-2259.77783203
49.65	-37.8333333333	-2082.66674805
49.6666666667	-37.8333333333	-1857.27783203
49.6833333333	-37.8333333333	-1678.02783203
49.7	-37.8333333333	-1625.83337402
49.7166666667	-37.8333333333	-1657.88891602
49.7333333333	-37.8333333333	-1707.83337402
49.75	-37.8333333333	-1757.47216797
49.7666666667	-37.8333333333	-1789
49.7833333333	-37.8333333333	-1790.30554199
49.8	-37.8333333333	-1748.38891602
49.8166666667	-37.8333333333	-1721
49.8333333333	-37.8333333333	-1758.80554199
49.85	-37.8333333333	-1847.19445801
49.8666666667	-37.8333333333	-1956.58337402
49.8833333333	-37.8333333333	-2053.36108398
49.9	-37.8333333333	-2115.52783203
49.9166666667	-37.8333333333	-2122.25
49.9333333333	-37.8333333333	-2071.91674805
49.95	-37.8333333333	-1983.41662598
49.9666666667	-37.8333333333	-1884.94445801
49.9833333333	-37.8333333333	-1794.41662598
50	-37.8333333333	-1727.38891602
50.0166666667	-37.8333333333	-1686.55554199
50.0333333333	-37.8333333333	-1676.83337402
50.05	-37.8333333333	-1701.33337402
50.0666666667	-37.8333333333	-1761.38891602
50.0833333333	-37.8333333333	-1838.80554199
50.1	-37.8333333333	-1916.11108398
50.1166666667	-37.8333333333	-1985.97216797
50.1333333333	-37.8333333333	-2044.25
50.15	-37.8333333333	-2079
50.1666666667	-37.8333333333	-2083.83325195
50.1833333333	-37.8333333333	-2070.05566406
50.2	-37.8333333333	-2053.16674805
50.2166666667	-37.8333333333	-2040.38891602
50.2333333333	-37.8333333333	-2024.16662598
50.25	-37.8333333333	-1982
50.2666666667	-37.8333333333	-1890.83337402
50.2833333333	-37.8333333333	-1802.52783203
50.3	-37.8333333333	-1761.52783203
50.3166666667	-37.8333333333	-1759.38891602
50.3333333333	-37.8333333333	-1772.52783203
50.35	-37.8333333333	-1783.83337402
50.3666666667	-37.8333333333	-1781.41662598
50.3833333333	-37.8333333333	-1766.25
50.4	-37.8333333333	-1742.22216797
50.4166666667	-37.8333333333	-1715.05554199
50.4333333333	-37.8333333333	-1688.61108398
50.45	-37.8333333333	-1663.52783203
50.4666666667	-37.8333333333	-1639.36108398
50.4833333333	-37.8333333333	-1618.02783203
50.5	-37.8333333333	-1602.22216797
50.5166666667	-37.8333333333	-1598.72216797
50.5333333333	-37.8333333333	-1610.94445801
50.55	-37.8333333333	-1638.58337402
50.5666666667	-37.8333333333	-1679.08337402
50.5833333333	-37.8333333333	-1727.47216797
50.6	-37.8333333333	-1781.11108398
50.6166666667	-37.8333333333	-1843.69445801
50.6333333333	-37.8333333333	-1919.19445801
50.65	-37.8333333333	-2003.30554199
50.6666666667	-37.8333333333	-2090.13891602
50.6833333333	-37.8333333333	-2169.94433594
50.7	-37.8333333333	-2233.75
49.6	-37.85	-2366.47216797
49.6166666667	-37.85	-2278.58325195
49.6333333333	-37.85	-2155.69433594
49.65	-37.85	-1982.36108398
49.6666666667	-37.85	-1730.97216797
49.6833333333	-37.85	-1524.63891602
49.7	-37.85	-1485.13891602
49.7166666667	-37.85	-1546.25
49.7333333333	-37.85	-1653.41662598
49.75	-37.85	-1744.66662598
49.7666666667	-37.85	-1778.69445801
49.7833333333	-37.85	-1754.63891602
49.8	-37.85	-1681.05554199
49.8166666667	-37.85	-1621.52783203
49.8333333333	-37.85	-1652.88891602
49.85	-37.85	-1747.44445801
49.8666666667	-37.85	-1874.91662598
49.8833333333	-37.85	-1990.13891602
49.9	-37.85	-2064.77783203
49.9166666667	-37.85	-2067.72216797
49.9333333333	-37.85	-1999.25
49.95	-37.85	-1892.02783203
49.9666666667	-37.85	-1790.77783203
49.9833333333	-37.85	-1713.22216797
50	-37.85	-1671.16662598
50.0166666667	-37.85	-1656.66662598
50.0333333333	-37.85	-1665.86108398
50.05	-37.85	-1711.25
50.0666666667	-37.85	-1800.72216797
50.0833333333	-37.85	-1907.30554199
50.1	-37.85	-2000.02783203
50.1166666667	-37.85	-2081.97216797
50.1333333333	-37.85	-2153.38891602
50.15	-37.85	-2193.44433594
50.1666666667	-37.85	-2182.22216797
50.1833333333	-37.85	-2143.86108398
50.2	-37.85	-2104.88891602
50.2166666667	-37.85	-2082.36108398
50.2333333333	-37.85	-2068.02783203
50.25	-37.85	-2045.02783203
50.2666666667	-37.85	-1952.30554199
50.2833333333	-37.85	-1871.36108398
50.3	-37.85	-1823.47216797
50.3166666667	-37.85	-1815.77783203
50.3333333333	-37.85	-1819.88891602
50.35	-37.85	-1823.52783203
50.3666666667	-37.85	-1812.77783203
50.3833333333	-37.85	-1789.63891602
50.4	-37.85	-1756.33337402
50.4166666667	-37.85	-1722.52783203
50.4333333333	-37.85	-1690.33337402
50.45	-37.85	-1655.94445801
50.4666666667	-37.85	-1614.27783203
50.4833333333	-37.85	-1573.22216797
50.5	-37.85	-1541.41662598
50.5166666667	-37.85	-1537.52783203
50.5333333333	-37.85	-1559.97216797
50.55	-37.85	-1608.36108398
50.5666666667	-37.85	-1654.94445801
50.5833333333	-37.85	-1710.83337402
50.6	-37.85	-1770.25
50.6166666667	-37.85	-1838.02783203
50.6333333333	-37.85	-1914.72216797
50.65	-37.85	-1994.86108398
50.6666666667	-37.85	-2075.08325195
50.6833333333	-37.85	-2148.86108398
50.7	-37.85	-2209.66674805
49.6	-37.8666666667	-2228.33325195
49.6166666667	-37.8666666667	-2127.63891602
49.6333333333	-37.8666666667	-2038.41662598
49.65	-37.8666666667	-1900.66662598
49.6666666667	-37.8666666667	-1693.02783203
49.6833333333	-37.8666666667	-1508.66662598
49.7	-37.8666666667	-1459.30554199
49.7166666667	-37.8666666667	-1511.88891602
49.7333333333	-37.8666666667	-1607.86108398
49.75	-37.8666666667	-1695
49.7666666667	-37.8666666667	-1729.05554199
49.7833333333	-37.8666666667	-1705.88891602
49.8	-37.8666666667	-1636.22216797
49.8166666667	-37.8666666667	-1583.52783203
49.8333333333	-37.8666666667	-1606.13891602
49.85	-37.8666666667	-1704.47216797
49.8666666667	-37.8666666667	-1853.11108398
49.8833333333	-37.8666666667	-1994.80554199
49.9	-37.8666666667	-2071.83325195
49.9166666667	-37.8666666667	-2064.05566406
49.9333333333	-37.8666666667	-1973.16662598
49.95	-37.8666666667	-1847.91662598
49.9666666667	-37.8666666667	-1742.22216797
49.9833333333	-37.8666666667	-1675.47216797
50	-37.8666666667	-1654.02783203
50.0166666667	-37.8666666667	-1659.33337402
50.0333333333	-37.8666666667	-1677.83337402
50.05	-37.8666666667	-1732.5
50.0666666667	-37.8666666667	-1839.52783203
50.0833333333	-37.8666666667	-1962.11108398
50.1	-37.8666666667	-2058.94433594
50.1166666667	-37.8666666667	-2142.22216797
50.1333333333	-37.8666666667	-2218.44433594
50.15	-37.8666666667	-2256.58325195
50.1666666667	-37.8666666667	-2220.16674805
50.1833333333	-37.8666666667	-2146.55566406
50.2	-37.8666666667	-2071.27783203
50.2166666667	-37.8666666667	-2011.27783203
50.2333333333	-37.8666666667	-1961.66662598
50.25	-37.8666666667	-1914.58337402
50.2666666667	-37.8666666667	-1857.61108398
50.2833333333	-37.8666666667	-1814.83337402
50.3	-37.8666666667	-1798.63891602
50.3166666667	-37.8666666667	-1805.02783203
50.3333333333	-37.8666666667	-1812.94445801
50.35	-37.8666666667	-1813.75
50.3666666667	-37.8666666667	-1795.27783203
50.3833333333	-37.8666666667	-1763.08337402
50.4	-37.8666666667	-1720.19445801
50.4166666667	-37.8666666667	-1682.33337402
50.4333333333	-37.8666666667	-1653.69445801
50.45	-37.8666666667	-1618.47216797
50.4666666667	-37.8666666667	-1559.66662598
50.4833333333	-37.8666666667	-1495.5
50.5	-37.8666666667	-1448.75
50.5166666667	-37.8666666667	-1441.47216797
50.5333333333	-37.8666666667	-1483.63891602
50.55	-37.8666666667	-1551.58337402
50.5666666667	-37.8666666667	-1621.77783203
50.5833333333	-37.8666666667	-1692.25
50.6	-37.8666666667	-1769.16662598
50.6166666667	-37.8666666667	-1848.05554199
50.6333333333	-37.8666666667	-1923.05554199
50.65	-37.8666666667	-1994.5
50.6666666667	-37.8666666667	-2061.66674805
50.6833333333	-37.8666666667	-2125.02783203
50.7	-37.8666666667	-2182.30566406
49.6	-37.8833333333	-2112.55566406
49.6166666667	-37.8833333333	-2022.47216797
49.6333333333	-37.8833333333	-1995.38891602
49.65	-37.8833333333	-1920.55554199
49.6666666667	-37.8833333333	-1763.75
49.6833333333	-37.8833333333	-1589.13891602
49.7	-37.8833333333	-1507.94445801
49.7166666667	-37.8833333333	-1511.52783203
49.7333333333	-37.8833333333	-1554.75
49.75	-37.8833333333	-1612.88891602
49.7666666667	-37.8833333333	-1641.33337402
49.7833333333	-37.8833333333	-1632.47216797
49.8	-37.8833333333	-1581.08337402
49.8166666667	-37.8833333333	-1549.05554199
49.8333333333	-37.8833333333	-1575.05554199
49.85	-37.8833333333	-1678.72216797
49.8666666667	-37.8833333333	-1843.97216797
49.8833333333	-37.8833333333	-2004.86108398
49.9	-37.8833333333	-2079.38891602
49.9166666667	-37.8833333333	-2067.02783203
49.9333333333	-37.8833333333	-1963.80554199
49.95	-37.8833333333	-1830.80554199
49.9666666667	-37.8833333333	-1727.08337402
49.9833333333	-37.8833333333	-1666.69445801
50	-37.8833333333	-1658.13891602
50.0166666667	-37.8833333333	-1675.41662598
50.0333333333	-37.8833333333	-1693.83337402
50.05	-37.8833333333	-1745.86108398
50.0666666667	-37.8833333333	-1858.83337402
50.0833333333	-37.8833333333	-1984.58337402
50.1	-37.8833333333	-2069.63891602
50.1166666667	-37.8833333333	-2139.63891602
50.1333333333	-37.8833333333	-2209.25
50.15	-37.8833333333	-2239.75
50.1666666667	-37.8833333333	-2174.69433594
50.1833333333	-37.8833333333	-2070.22216797
50.2	-37.8833333333	-1964.36108398
50.2166666667	-37.8833333333	-1871.77783203
50.2333333333	-37.8833333333	-1789.41662598
50.25	-37.8833333333	-1720.80554199
50.2666666667	-37.8833333333	-1696.61108398
50.2833333333	-37.8833333333	-1689.88891602
50.3	-37.8833333333	-1705.80554199
50.3166666667	-37.8833333333	-1727.69445801
50.3333333333	-37.8833333333	-1739.02783203
50.35	-37.8833333333	-1738.77783203
50.3666666667	-37.8833333333	-1714.11108398
50.3833333333	-37.8833333333	-1677.72216797
50.4	-37.8833333333	-1630.38891602
50.4166666667	-37.8833333333	-1593.05554199
50.4333333333	-37.8833333333	-1574.33337402
50.45	-37.8833333333	-1548.41662598
50.4666666667	-37.8833333333	-1483.44445801
50.4833333333	-37.8833333333	-1410.47216797
50.5	-37.8833333333	-1363.22216797
50.5166666667	-37.8833333333	-1364.19445801
50.5333333333	-37.8833333333	-1438
50.55	-37.8833333333	-1531.08337402
50.5666666667	-37.8833333333	-1621.47216797
50.5833333333	-37.8833333333	-1698.5
50.6	-37.8833333333	-1785.61108398
50.6166666667	-37.8833333333	-1869.97216797
50.6333333333	-37.8833333333	-1940.30554199
50.65	-37.8833333333	-2001.80554199
50.6666666667	-37.8833333333	-2055.5
50.6833333333	-37.8833333333	-2107.94433594
50.7	-37.8833333333	-2161.86108398
49.6	-37.9	-2096.88891602
49.6166666667	-37.9	-2060.33325195
49.6333333333	-37.9	-2079.58325195
49.65	-37.9	-2061.47216797
49.6666666667	-37.9	-1927.47216797
49.6833333333	-37.9	-1741.86108398
49.7	-37.9	-1583.80554199
49.7166666667	-37.9	-1494.38891602
49.7333333333	-37.9	-1479.86108398
49.75	-37.9	-1502.36108398
49.7666666667	-37.9	-1523.33337402
49.7833333333	-37.9	-1519.02783203
49.8	-37.9	-1491.47216797
49.8166666667	-37.9	-1481.05554199
49.8333333333	-37.9	-1529.55554199
49.85	-37.9	-1643.11108398
49.8666666667	-37.9	-1802.16662598
49.8833333333	-37.9	-1949.63891602
49.9	-37.9	-2024.25
49.9166666667	-37.9	-2017.19445801
49.9333333333	-37.9	-1935.97216797
49.95	-37.9	-1826.47216797
49.9666666667	-37.9	-1732.52783203
49.9833333333	-37.9	-1676.19445801
50	-37.9	-1661.44445801
50.0166666667	-37.9	-1674.02783203
50.0333333333	-37.9	-1699.27783203
50.05	-37.9	-1753.80554199
50.0666666667	-37.9	-1847.55554199
50.0833333333	-37.9	-1948.94445801
50.1	-37.9	-2022.05554199
50.1166666667	-37.9	-2075.75
50.1333333333	-37.9	-2116.16674805
50.15	-37.9	-2115.02783203
50.1666666667	-37.9	-2044.83337402
50.1833333333	-37.9	-1936.05554199
50.2	-37.9	-1827.91662598
50.2166666667	-37.9	-1731.94445801
50.2333333333	-37.9	-1657.97216797
50.25	-37.9	-1605.63891602
50.2666666667	-37.9	-1584.52783203
50.2833333333	-37.9	-1580.83337402
50.3	-37.9	-1589.69445801
50.3166666667	-37.9	-1599.22216797
50.3333333333	-37.9	-1601.27783203
50.35	-37.9	-1592.47216797
50.3666666667	-37.9	-1568.11108398
50.3833333333	-37.9	-1534.52783203
50.4	-37.9	-1497.05554199
50.4166666667	-37.9	-1469.61108398
50.4333333333	-37.9	-1457.58337402
50.45	-37.9	-1439.55554199
50.4666666667	-37.9	-1396.11108398
50.4833333333	-37.9	-1348.80554199
50.5	-37.9	-1329.88891602
50.5166666667	-37.9	-1367.16662598
50.5333333333	-37.9	-1473.69445801
50.55	-37.9	-1596.83337402
50.5666666667	-37.9	-1685.55554199
50.5833333333	-37.9	-1754.77783203
50.6	-37.9	-1827
50.6166666667	-37.9	-1900
50.6333333333	-37.9	-1963.77783203
50.65	-37.9	-2017.91662598
50.6666666667	-37.9	-2064.61108398
50.6833333333	-37.9	-2110.08325195
50.7	-37.9	-2160.19433594
